17.95196
17.73552
17.52423
17.31792
17.11641
16.91954
16.72714
16.53907
16.35518
16.17534
15.99941
15.82726
15.65878
15.49385
15.33236
15.17420
15.01927
14.86747
14.71870
14.57289
14.42994
14.28976
14.15228
14.01742
13.88511
13.75527
13.62784
13.50274
13.37992
13.25932
13.14087
13.02452
12.91021
12.79789
12.68751
12.57901
12.47236
12.36750
12.26438
12.16298
12.06323
11.96511
11.86857
11.77358
11.68009
11.58808
11.49751
11.40834
11.32054
11.23409
11.14894
11.06508
10.98247
10.90108
10.82089
10.74187
10.66400
10.58725
10.51159
10.43701
10.36348
10.29098
10.21948
10.14898
10.07943
10.01084
9.94317
9.87641
9.81054
9.74555
9.68141
9.61811
9.55563
9.49396
9.43307
9.37297
9.31362
9.25502
9.19716
9.14001
9.08357
9.02783
8.97276
8.91836
8.86461
8.81151
8.75905
8.70720
8.65596
8.60533
8.55528
8.50581
8.45691
8.40857
8.36077
8.31352
8.26680
8.22060
8.17492
8.12974
8.08506
8.04086
7.99715
7.95391
7.91113
7.86881
7.82694
7.78552
7.74453
7.70397
7.66383
7.62411
7.58480
7.54589
7.50738
7.46926
7.43152
7.39417
7.35719
7.32057
7.28432
7.24843
7.21289
7.17769
7.14284
7.10832
7.07414
7.04028
7.00675
6.97353
6.94063
6.90803
6.87574
6.84375
6.81206
6.78066
6.74955
6.71872
6.68817
6.65790
6.62790
6.59817
6.56871
6.53951
6.51056
6.48188
6.45344
6.42525
6.39731
6.36961
6.34214
6.31492
6.28792
6.26116
6.23462
6.20831
6.18222
6.15635
6.13069
6.10524
6.08001
6.05498
6.03016
6.00554
5.98112
5.95690
5.93288
5.90904
5.88540
5.86195
5.83868
5.81560
5.79270
5.76998
5.74743
5.72506
5.70287
5.68084
5.65899
5.63730
5.61578
5.59442
5.57323
5.55219
5.53132
5.51059
5.49003
5.46961
5.44935
5.42924
5.40927
5.38946
5.36978
5.35025
5.33086
5.31161
5.29250
5.27353
5.25469
5.23599
