17.95196
17.52212
17.11239
16.72138
16.34784
15.99063
15.64869
15.32107
15.00688
14.70533
14.41565
14.13717
13.86924
13.61128
13.36274
13.12311
12.89192
12.66874
12.45316
12.24479
12.04328
11.84829
11.65952
11.47667
11.29946
11.12764
10.96098
10.79922
10.64218
10.48963
10.34140
10.19730
10.05716
9.92082
9.78813
9.65893
9.53311
9.41052
9.29104
9.17456
9.06097
8.95015
8.84201
8.73645
8.63338
8.53272
8.43438
8.33828
8.24434
8.15249
8.06267
7.97481
7.88884
7.80471
7.72235
7.64171
7.56274
7.48538
7.40959
7.33532
7.26253
7.19116
7.12118
7.05255
6.98524
6.91919
6.85438
6.79078
6.72834
6.66705
6.60685
6.54774
6.48967
6.43263
6.37658
6.32150
6.26736
6.21414
6.16182
6.11037
6.05977
6.01000
5.96105
5.91288
5.86549
5.81885
5.77295
5.72777
5.68328
5.63949
5.59636
5.55389
5.51205
5.47085
5.43025
5.39025
5.35084
5.31200
5.27372
5.23599
