2000	-207.079	7.25123
1955.88	-200.863	6.90662
1913.67	-194.646	6.56201
1873.24	-188.429	6.2174
1834.48	-182.212	5.87279
1797.3	-175.996	5.52818
1761.59	-169.779	5.18356
1727.27	-163.562	4.83895
1694.27	-157.346	4.49434
1662.5	-151.129	4.14973
1631.9	-144.912	3.80512
1602.41	-139.173	3.52531
1573.96	-134.697	3.41705
1546.51	-130.221	3.30878
1520	-125.745	3.20051
1494.38	-121.269	3.09225
1469.61	-116.793	2.98398
1445.65	-112.317	2.87571
1422.46	-107.841	2.76745
1400	-103.365	2.65918
1378.24	-100.197	2.54863
1357.14	-97.6083	2.43708
1336.68	-95.0192	2.32553
1316.83	-92.4301	2.21397
1297.56	-89.841	2.10242
1278.85	-87.2519	1.99087
1260.66	-84.6627	1.87932
1242.99	-82.0736	1.76776
1225.81	-79.4845	1.65621
1209.09	-77.1296	1.54428
1192.83	-75.1292	1.43176
1176.99	-73.1287	1.31925
1161.57	-71.1283	1.20674
1146.55	-69.1279	1.09422
1131.91	-67.1274	0.981708
1117.65	-65.127	0.869194
1103.73	-63.1265	0.756681
1090.16	-61.1261	0.644167
1076.92	-59.6296	0.617482
1064	-58.2458	0.609995
1051.38	-56.862	0.602509
1039.06	-55.4781	0.595022
1027.03	-54.0943	0.587535
1015.27	-52.7105	0.580049
1003.77	-51.3267	0.572562
992.537	-49.9429	0.565076
981.55	-48.6562	0.557976
970.803	-47.683	0.552123
960.289	-46.7098	0.546271
950	-45.7366	0.540419
939.929	-44.7634	0.534567
930.07	-43.7902	0.528715
920.415	-42.8169	0.522863
910.959	-41.8437	0.51701
901.695	-40.8705	0.511158
892.617	-39.8973	0.505306
883.721	-39.0675	0.499828
875	-38.2467	0.494374
866.45	-37.4259	0.48892
858.065	-36.6052	0.483466
849.84	-35.7844	0.478012
841.772	-34.9636	0.472558
833.856	-34.1428	0.467104
826.087	-33.3221	0.461649
818.462	-32.5908	0.452594
810.976	-32.0186	0.437142
803.625	-31.4463	0.421689
796.407	-30.8741	0.406237
789.318	-30.3019	0.390785
782.353	-29.7297	0.375332
775.51	-29.1574	0.35988
768.786	-28.5852	0.344428
762.178	-28.013	0.328975
755.682	-27.447	0.315065
749.296	-26.9724	0.323517
743.017	-26.4977	0.331968
736.842	-26.023	0.34042
730.769	-25.5483	0.348872
724.796	-25.0737	0.357323
718.919	-24.599	0.365775
713.137	-24.1243	0.374226
707.447	-23.6496	0.382678
701.847	-23.218	0.390495
696.335	-22.8323	0.397634
690.909	-22.4465	0.404773
685.567	-22.0608	0.411912
680.307	-21.6751	0.419052
675.127	-21.2893	0.426191
670.025	-20.9036	0.43333
665	-20.5179	0.44047
660.05	-20.1321	0.447609
655.172	-19.817	0.453152
650.367	-19.5094	0.458525
645.631	-19.2018	0.463897
640.964	-18.8942	0.46927
636.364	-18.5866	0.474642
631.829	-18.279	0.480014
627.358	-17.9714	0.485387
622.951	-17.6638	0.490759
618.605	-17.3562	0.496131
614.319	-17.0688	0.490279
610.092	-16.7945	0.477175
605.923	-16.5202	0.464071
601.81	-16.2459	0.450967
597.753	-15.9716	0.437863
593.75	-15.6972	0.424759
589.8	-15.4229	0.411656
585.903	-15.1486	0.398552
582.057	-14.8758	0.385929
578.261	-14.6579	0.390718
574.514	-14.4399	0.395507
570.815	-14.222	0.400297
567.164	-14.0041	0.405086
563.559	-13.7861	0.409875
560	-13.5682	0.414665
556.485	-13.3503	0.419454
553.015	-13.1323	0.424243
549.587	-12.9144	0.429033
546.201	-12.7016	0.421976
542.857	-12.4908	0.410564
539.554	-12.2799	0.399152
536.29	-12.069	0.387741
533.066	-11.8582	0.376329
529.88	-11.6473	0.364917
526.733	-11.4365	0.353506
523.622	-11.2256	0.342094
520.548	-11.0205	0.331995
517.51	-10.8477	0.329303
514.507	-10.675	0.326611
511.538	-10.5022	0.323918
508.604	-10.3295	0.321226
505.703	-10.1567	0.318534
502.836	-9.98396	0.315842
500	-9.8112	0.31315
497.196	-9.63845	0.310458
494.424	-9.48227	0.307927
491.682	-9.33861	0.305517
488.971	-9.19494	0.303107
486.289	-9.05127	0.300698
483.636	-8.9076	0.298288
481.013	-8.76394	0.295878
478.417	-8.62027	0.293468
475.85	-8.4766	0.291059
473.31	-8.33294	0.288649
470.796	-8.19125	0.284524
468.31	-8.05483	0.275861
465.849	-7.9184	0.267197
463.415	-7.78198	0.258533
461.005	-7.64556	0.24987
458.621	-7.50913	0.241206
456.261	-7.37271	0.232542
453.925	-7.23628	0.223879
451.613	-7.09986	0.215215
449.324	-6.98357	0.211396
447.059	-6.87619	0.209718
444.816	-6.76881	0.20804
442.596	-6.66142	0.206362
440.397	-6.55404	0.204683
438.221	-6.44666	0.203005
436.066	-6.33927	0.201327
433.931	-6.23189	0.199649
431.818	-6.12451	0.197971
429.725	-6.01873	0.198376
427.653	-5.91539	0.201935
425.6	-5.81205	0.205494
423.567	-5.70871	0.209054
421.553	-5.60537	0.212613
419.558	-5.50203	0.216172
417.582	-5.39869	0.219731
415.625	-5.29535	0.22329
413.686	-5.19202	0.226849
411.765	-5.08829	0.225548
409.861	-4.98449	0.223159
407.975	-4.88068	0.220769
406.107	-4.77688	0.21838
404.255	-4.67307	0.215991
402.421	-4.56926	0.213602
400.602	-4.46546	0.211213
398.801	-4.36165	0.208824
397.015	-4.26178	0.206476
395.245	-4.1746	0.20426
393.491	-4.08742	0.202044
391.753	-4.00024	0.199828
390.029	-3.91305	0.197611
388.321	-3.82587	0.195395
386.628	-3.73869	0.193179
384.949	-3.65151	0.190963
383.285	-3.56433	0.188747
381.636	-3.47715	0.186531
380	-3.39182	0.191398
378.378	-3.30659	0.19671
376.771	-3.22137	0.202022
375.176	-3.13615	0.207334
373.596	-3.05093	0.212646
372.028	-2.96571	0.217958
370.474	-2.88049	0.22327
368.932	-2.79527	0.228581
367.403	-2.71218	0.233988
365.887	-2.63288	0.239563
364.384	-2.55357	0.245137
362.892	-2.47427	0.250712
361.413	-2.39497	0.256287
359.946	-2.31566	0.261861
358.491	-2.23636	0.267436
357.047	-2.15705	0.27301
355.615	-2.07775	0.278585
354.194	-1.99816	0.28407
352.785	-1.91436	0.288261
351.387	-1.83057	0.292452
350	-1.74678	0.296643
348.624	-1.66298	0.300834
347.258	-1.57919	0.305025
345.904	-1.4954	0.309215
344.56	-1.4116	0.313406
343.226	-1.32781	0.317597
341.902	-1.24925	0.317623
340.589	-1.17627	0.313206
339.286	-1.10329	0.308789
337.992	-1.03031	0.304372
336.709	-0.957327	0.299955
335.435	-0.884346	0.295538
334.171	-0.811365	0.291121
332.916	-0.738385	0.286704
331.671	-0.665404	0.282287
330.435	-0.545553	0.316177
329.208	-0.42068	0.354171
327.99	-0.295808	0.392165
326.781	-0.170936	0.430159
325.581	-0.046063	0.468153
324.39	0.0788095	0.506147
323.208	0.203682	0.544141
322.034	0.328554	0.582134
320.869	0.453427	0.620128
319.712	0.530403	0.688646
318.563	0.576438	0.776881
317.422	0.622473	0.865117
316.29	0.668508	0.953353
315.166	0.714542	1.04159
314.05	0.760577	1.12982
312.941	0.806612	1.21806
311.841	0.852647	1.3063
310.748	0.897354	1.39561
309.662	0.894004	1.52377
308.585	0.890654	1.65193
307.514	0.887304	1.78009
306.452	0.883954	1.90826
305.396	0.880604	2.03642
304.348	0.877254	2.16458
303.307	0.873904	2.29274
302.273	0.870554	2.42091
301.246	0.867205	2.54907
300.226	0.842263	2.6384
299.213	0.809384	2.71346
298.206	0.776505	2.78852
297.207	0.743626	2.86358
296.214	0.710746	2.93864
295.228	0.677867	3.0137
294.248	0.644988	3.08876
293.275	0.612109	3.16382
292.308	0.580779	3.23349
291.347	0.558197	3.27275
290.393	0.535614	3.31202
289.445	0.513031	3.35128
288.503	0.490448	3.39054
287.568	0.467865	3.4298
286.638	0.445283	3.46907
285.714	0.4227	3.50833
284.797	0.400117	3.54759
283.885	0.379745	3.57606
282.979	0.361041	3.59639
282.078	0.342337	3.61671
281.184	0.323633	3.63704
280.295	0.30493	3.65737
279.412	0.286226	3.67769
278.534	0.267522	3.69802
277.662	0.248818	3.71834
276.795	0.230114	3.73867
275.934	0.210323	3.75448
275.078	0.187653	3.75836
274.227	0.164983	3.76225
273.381	0.142313	3.76613
272.541	0.119643	3.77001
271.706	0.0969732	3.77389
270.876	0.0743032	3.77777
270.051	0.0516332	3.78165
269.231	0.0289633	3.78553
268.416	0.0128178	3.7836
267.606	-0.00044483	3.7791
266.8	-0.0137074	3.7746
266	-0.02697	3.7701
265.204	-0.0402326	3.7656
264.414	-0.0534952	3.76111
263.627	-0.0667578	3.75661
262.846	-0.0800203	3.75211
262.069	-0.0932829	3.74761
261.297	-0.104528	3.74307
260.529	-0.112718	3.73846
259.766	-0.120909	3.73386
259.007	-0.129099	3.72925
258.252	-0.13729	3.72464
257.502	-0.14548	3.72004
256.757	-0.153671	3.71543
256.015	-0.161861	3.71083
255.278	-0.170052	3.70622
254.545	-0.175518	3.69908
253.817	-0.180374	3.69136
253.092	-0.185231	3.68365
252.372	-0.190087	3.67593
251.656	-0.194944	3.66822
250.943	-0.1998	3.6605
250.235	-0.204657	3.65279
249.531	-0.209513	3.64507
248.831	-0.213111	3.63775
248.134	-0.212644	3.63168
247.442	-0.212178	3.62561
246.753	-0.211711	3.61955
246.068	-0.211244	3.61348
245.387	-0.210778	3.60742
244.71	-0.210311	3.60135
244.037	-0.209845	3.59529
243.367	-0.209378	3.58922
242.701	-0.208912	3.58316
242.038	-0.211231	3.57367
241.379	-0.213726	3.56396
240.724	-0.21622	3.55426
240.072	-0.218715	3.54455
239.424	-0.221209	3.53485
238.779	-0.223704	3.52514
238.138	-0.226198	3.51544
237.5	-0.228693	3.50573
236.866	-0.229233	3.49853
236.234	-0.226303	3.49577
235.607	-0.223373	3.49302
234.982	-0.220442	3.49027
234.361	-0.217512	3.48751
233.743	-0.214581	3.48476
233.129	-0.211651	3.482
232.517	-0.208721	3.47925
231.909	-0.20579	3.4765
231.304	-0.203167	3.47327
230.703	-0.204995	3.46312
230.104	-0.206823	3.45298
229.508	-0.208652	3.44283
228.916	-0.21048	3.43269
228.326	-0.212308	3.42255
227.74	-0.214136	3.4124
227.156	-0.215964	3.40226
226.576	-0.217792	3.39212
225.998	-0.219848	3.38508
225.424	-0.222148	3.38137
224.852	-0.224447	3.37765
224.283	-0.226746	3.37394
223.717	-0.229045	3.37022
223.154	-0.231344	3.36651
222.594	-0.233643	3.36279
222.037	-0.235942	3.35907
221.482	-0.238242	3.35536
220.93	-0.244103	3.34575
220.381	-0.250346	3.33552
219.835	-0.256589	3.32528
219.291	-0.262831	3.31504
218.75	-0.269074	3.30481
218.212	-0.275317	3.29457
217.676	-0.28156	3.28433
217.143	-0.287803	3.27409
216.612	-0.294046	3.26386
216.084	-0.29785	3.25419
215.559	-0.30008	3.24488
215.036	-0.302309	3.23558
214.516	-0.304538	3.22627
213.998	-0.306768	3.21697
213.483	-0.308997	3.20766
212.97	-0.311226	3.19836
212.46	-0.313456	3.18905
211.952	-0.315664	3.17976
211.447	-0.317096	3.17076
210.944	-0.318529	3.16175
210.443	-0.319962	3.15275
209.945	-0.321395	3.14375
209.449	-0.322828	3.13475
208.955	-0.32426	3.12575
208.464	-0.325693	3.11674
207.975	-0.327126	3.10774
207.488	-0.328559	3.09874
207.004	-0.331345	3.08648
206.522	-0.334628	3.07301
206.042	-0.337911	3.05955
205.564	-0.341194	3.04609
205.089	-0.344477	3.03262
204.615	-0.347761	3.01916
204.144	-0.351044	3.0057
203.675	-0.354327	2.99224
203.209	-0.35666	2.97959
202.744	-0.353632	2.97152
202.281	-0.350603	2.96345
201.821	-0.347574	2.95538
201.363	-0.344546	2.94731
200.906	-0.341517	2.93924
200.452	-0.338489	2.93117
200	-0.33546	2.9231
