2000	-158.037	21.42
1955.88	-151.207	20.2208
1913.67	-145.358	19.1235
1873.24	-140.09	18.108
1834.48	-133.671	17.0976
1797.3	-128.424	16.2057
1761.59	-123.934	15.4209
1727.27	-120.116	14.7872
1694.27	-115.33	14.0167
1662.5	-110.217	13.2218
1631.9	-105.85	12.5651
1602.41	-102.918	12.0134
1573.96	-99.4015	11.4572
1546.51	-95.5255	10.9067
1520	-92.4403	10.4346
1494.38	-89.4851	9.97564
1469.61	-86.632	9.52673
1445.65	-83.9033	9.08978
1422.46	-81.4726	8.70181
1400	-79.1003	8.32956
1378.24	-76.7331	7.96719
1357.14	-74.6502	7.65147
1336.68	-72.5704	7.33627
1316.83	-70.5067	7.0251
1297.56	-68.572	6.74632
1278.85	-66.6963	6.48513
1260.66	-67.2551	6.33341
1242.99	-75.3772	6.49677
1225.81	-75.1593	6.34282
1209.09	-73.2084	6.12292
1192.83	-71.2575	5.90302
1176.99	-69.3066	5.68313
1161.57	-67.3558	5.46323
1146.55	-65.4049	5.24334
1131.91	-63.454	5.02344
1117.65	-61.6034	4.84695
1103.73	-59.8048	4.69299
1090.16	-58.0061	4.53903
1076.92	-56.2075	4.38507
1064	-54.4089	4.23111
1051.38	-52.6103	4.07715
1039.06	-50.8117	3.92318
1027.03	-49.344	3.78976
1015.27	-48.2084	3.67695
1003.77	-47.0727	3.56413
992.537	-45.9371	3.45131
981.55	-44.8014	3.3385
970.803	-43.6658	3.22568
960.289	-42.5301	3.11287
950	-41.4372	3.01196
939.929	-40.4195	2.93205
930.07	-39.4019	2.85214
920.415	-38.3842	2.77223
910.959	-37.3666	2.69232
901.695	-36.349	2.61241
892.617	-35.3313	2.5325
883.721	-34.3661	2.4564
875	-33.5945	2.39442
866.45	-32.823	2.33243
858.065	-32.0515	2.27045
849.84	-31.2799	2.20847
841.772	-30.5084	2.14648
833.856	-29.7369	2.0845
826.087	-28.9662	2.02352
818.462	-28.2079	1.97666
810.976	-27.4495	1.9298
803.625	-26.6911	1.88294
796.407	-25.9327	1.83608
789.318	-25.1744	1.78922
782.353	-24.416	1.74236
775.51	-23.6576	1.6955
768.786	-22.9923	1.65764
762.178	-22.3363	1.62067
755.682	-21.6802	1.58371
749.296	-21.0241	1.54674
743.017	-20.3681	1.50977
736.842	-19.712	1.4728
730.769	-19.056	1.43584
724.796	-18.422	1.40452
718.919	-17.7951	1.37503
713.137	-17.1682	1.34554
707.447	-16.5413	1.31605
701.847	-15.9145	1.28656
696.335	-15.2876	1.25708
690.909	-14.6607	1.22759
685.567	-14.0302	1.20153
680.307	-13.3972	1.17769
675.127	-12.7643	1.15386
670.025	-12.1314	1.13002
665	-11.4985	1.10619
660.05	-10.8655	1.08235
655.172	-10.2326	1.05852
650.367	-9.83424	1.05349
645.631	-9.70412	1.06999
640.964	-9.574	1.08648
636.364	-9.44387	1.10297
631.829	-9.31375	1.11946
627.358	-9.18363	1.13596
622.951	-9.05351	1.15245
618.605	-8.96161	1.17456
614.319	-8.95908	1.20982
610.092	-8.95655	1.24508
605.923	-8.95403	1.28034
601.81	-8.9515	1.3156
597.753	-8.94897	1.35086
593.75	-8.94645	1.38612
589.8	-8.92841	1.42341
585.903	-8.82429	1.47194
582.057	-8.72017	1.52047
578.261	-8.61605	1.569
574.514	-8.51194	1.61752
570.815	-8.40782	1.66605
567.164	-8.3037	1.71458
563.559	-8.19773	1.763
560	-7.93048	1.80211
556.485	-7.66322	1.84122
553.015	-7.39597	1.88032
549.587	-7.12872	1.91943
546.201	-6.86147	1.95854
542.857	-6.59421	1.99764
539.554	-6.32696	2.03675
536.29	-6.02954	2.10661
533.066	-5.72727	2.1814
529.88	-5.425	2.25619
526.733	-5.12274	2.33098
523.622	-4.82047	2.40577
520.548	-4.5182	2.48056
517.51	-4.21593	2.55535
514.507	-3.97092	2.65521
511.538	-3.75064	2.76589
508.604	-3.53035	2.87657
505.703	-3.31007	2.98725
502.836	-3.08979	3.09793
500	-2.86951	3.20861
497.196	-2.64923	3.31929
494.424	-2.48183	3.45259
491.682	-2.36062	3.60566
488.971	-2.2394	3.75873
486.289	-2.11818	3.9118
483.636	-1.99696	4.06487
481.013	-1.87574	4.21794
478.417	-1.75453	4.37101
475.85	-1.66537	4.50727
473.31	-1.62228	4.6194
470.796	-1.57919	4.73152
468.31	-1.5361	4.84365
465.849	-1.493	4.95577
463.415	-1.44991	5.06789
461.005	-1.40682	5.18002
458.621	-1.3678	5.2881
456.261	-1.34139	5.38364
453.925	-1.31498	5.47919
451.613	-1.28857	5.57474
449.324	-1.26216	5.67029
447.059	-1.23575	5.76583
444.816	-1.20934	5.86138
442.596	-1.18499	5.9522
440.397	-1.1808	5.99659
438.221	-1.17661	6.04097
436.066	-1.17243	6.08536
433.931	-1.16824	6.12975
431.818	-1.16406	6.17414
429.725	-1.15987	6.21852
427.653	-1.15569	6.26291
425.6	-1.15562	6.28444
423.567	-1.15589	6.30414
421.553	-1.15615	6.32384
419.558	-1.15642	6.34354
417.582	-1.15668	6.36324
415.625	-1.15695	6.38294
413.686	-1.15721	6.40263
411.765	-1.14826	6.41549
409.861	-1.13701	6.42664
407.975	-1.12575	6.43779
406.107	-1.11449	6.44894
404.255	-1.10324	6.46008
402.421	-1.09198	6.47123
400.602	-1.08072	6.48238
398.801	-1.06474	6.48569
397.015	-1.0464	6.48508
395.245	-1.02806	6.48447
393.491	-1.00972	6.48386
391.753	-0.991378	6.48325
390.029	-0.973037	6.48263
388.321	-0.954695	6.48202
386.628	-0.932218	6.48054
384.949	-0.905864	6.47823
383.285	-0.879509	6.47592
381.636	-0.853155	6.47362
380	-0.826801	6.47131
378.378	-0.800447	6.46901
376.771	-0.774092	6.4667
375.176	-0.745417	6.46153
373.596	-0.712016	6.45055
372.028	-0.678616	6.43956
370.474	-0.645215	6.42858
368.932	-0.611815	6.41759
367.403	-0.578414	6.4066
365.887	-0.545014	6.39562
364.384	-0.514606	6.38804
362.892	-0.495382	6.39319
361.413	-0.476159	6.39834
359.946	-0.456935	6.40349
358.491	-0.437711	6.40865
357.047	-0.418488	6.4138
355.615	-0.399264	6.41895
354.194	-0.380083	6.42411
352.785	-0.371712	6.43191
351.387	-0.363341	6.43971
350	-0.35497	6.44751
348.624	-0.3466	6.45531
347.258	-0.338229	6.46311
345.904	-0.329858	6.47091
344.56	-0.321487	6.47871
343.226	-0.30894	6.50539
341.902	-0.295827	6.53463
340.589	-0.282714	6.56387
339.286	-0.269601	6.59311
337.992	-0.256488	6.62235
336.709	-0.243375	6.65159
335.435	-0.230262	6.68083
334.171	-0.224024	6.7053
332.916	-0.220256	6.72806
331.671	-0.216488	6.75081
330.435	-0.21272	6.77357
329.208	-0.208952	6.79632
327.99	-0.205184	6.81908
326.781	-0.201416	6.84184
325.581	-0.203225	6.86396
324.39	-0.208755	6.88565
323.208	-0.214285	6.90735
322.034	-0.219816	6.92904
320.869	-0.225346	6.95074
319.712	-0.230876	6.97243
318.563	-0.236406	6.99413
317.422	-0.244489	7.00706
316.29	-0.256102	7.00789
315.166	-0.267714	7.00871
314.05	-0.279327	7.00953
312.941	-0.290939	7.01035
311.841	-0.302552	7.01117
310.748	-0.314165	7.01199
309.662	-0.325665	7.0102
308.585	-0.33692	7.00262
307.514	-0.348174	6.99504
306.452	-0.359428	6.98746
305.396	-0.370683	6.97988
304.348	-0.381937	6.9723
303.307	-0.393191	6.96472
302.273	-0.405153	6.95557
301.246	-0.422142	6.93525
300.226	-0.43913	6.91492
299.213	-0.456119	6.8946
298.206	-0.473107	6.87428
297.207	-0.490095	6.85395
296.214	-0.507084	6.83363
295.228	-0.524072	6.81331
294.248	-0.531429	6.78662
293.275	-0.538508	6.75975
292.308	-0.545587	6.73289
291.347	-0.552665	6.70602
290.393	-0.559744	6.67915
289.445	-0.566823	6.65229
288.503	-0.573902	6.62542
287.568	-0.587625	6.59106
286.638	-0.603186	6.55463
285.714	-0.618747	6.5182
284.797	-0.634308	6.48177
283.885	-0.649869	6.44534
282.979	-0.66543	6.40891
282.078	-0.68099	6.37248
281.184	-0.688524	6.33654
280.295	-0.69244	6.30083
279.412	-0.696356	6.26511
278.534	-0.700272	6.2294
277.662	-0.704188	6.19368
276.795	-0.708104	6.15797
275.934	-0.71202	6.12225
275.078	-0.717592	6.0848
274.227	-0.724861	6.04558
273.381	-0.732129	6.00635
272.541	-0.739398	5.96712
271.706	-0.746666	5.92789
270.876	-0.753935	5.88866
270.051	-0.761203	5.84943
269.231	-0.767305	5.8089
268.416	-0.771027	5.76572
267.606	-0.774749	5.72254
266.8	-0.778471	5.67936
266	-0.782193	5.63617
265.204	-0.785915	5.59299
264.414	-0.789637	5.54981
263.627	-0.792569	5.50819
262.846	-0.792702	5.47212
262.069	-0.792834	5.43605
261.297	-0.792967	5.39998
260.529	-0.793099	5.36391
259.766	-0.793231	5.32784
259.007	-0.793364	5.29177
258.252	-0.792341	5.25624
257.502	-0.77421	5.22872
256.757	-0.756079	5.20119
256.015	-0.737947	5.17366
255.278	-0.719816	5.14614
254.545	-0.701684	5.11861
253.817	-0.683553	5.09108
253.092	-0.665421	5.06356
252.372	-0.647069	5.02673
251.656	-0.628684	4.98854
250.943	-0.610299	4.95035
250.235	-0.591913	4.91217
249.531	-0.573528	4.87398
248.831	-0.555143	4.83579
248.134	-0.536758	4.7976
247.442	-0.511984	4.78012
246.753	-0.485677	4.76761
246.068	-0.459369	4.75509
245.387	-0.433061	4.74258
244.71	-0.406754	4.73007
244.037	-0.380446	4.71756
243.367	-0.354138	4.70504
242.701	-0.335103	4.6881
242.038	-0.320916	4.66821
241.379	-0.306729	4.64832
240.724	-0.292541	4.62843
240.072	-0.278354	4.60853
239.424	-0.264166	4.58864
238.779	-0.249979	4.56875
238.138	-0.237606	4.54716
237.5	-0.227851	4.52313
236.866	-0.218095	4.4991
236.234	-0.20834	4.47507
235.607	-0.198585	4.45103
234.982	-0.188829	4.427
234.361	-0.179074	4.40297
233.743	-0.168168	4.38193
233.129	-0.153881	4.36967
232.517	-0.139594	4.35741
231.909	-0.125308	4.34516
231.304	-0.111021	4.3329
230.703	-0.0967345	4.32064
230.104	-0.0824478	4.30839
229.508	-0.0682362	4.29565
228.916	-0.0544355	4.2803
228.326	-0.0406348	4.26495
227.74	-0.0268342	4.2496
227.156	-0.0130335	4.23425
226.576	0.000767192	4.2189
225.998	0.0145679	4.20355
225.424	0.0283685	4.1882
224.852	0.0342947	4.17434
224.283	0.0398807	4.16055
223.717	0.0454667	4.14675
223.154	0.0510527	4.13295
222.594	0.0566387	4.11915
222.037	0.0622248	4.10536
221.482	0.0678108	4.09156
220.93	0.0772562	4.07794
220.381	0.0873745	4.06434
219.835	0.0974928	4.05075
219.291	0.107611	4.03715
218.75	0.117729	4.02356
218.212	0.127848	4.00996
217.676	0.137966	3.99637
217.143	0.145941	3.98377
216.612	0.152862	3.97167
216.084	0.159783	3.95956
215.559	0.166704	3.94746
215.036	0.173625	3.93536
214.516	0.180546	3.92325
213.998	0.187467	3.91115
213.483	0.196467	3.89881
212.97	0.206766	3.88631
212.46	0.217065	3.87382
211.952	0.227363	3.86132
211.447	0.237662	3.84883
210.944	0.247961	3.83633
210.443	0.258259	3.82384
209.945	0.267575	3.81083
209.449	0.274723	3.79671
208.955	0.281871	3.78259
208.464	0.289019	3.76846
207.975	0.296167	3.75434
207.488	0.303315	3.74021
207.004	0.310463	3.72609
206.522	0.319246	3.71143
206.042	0.33645	3.69402
205.564	0.353654	3.6766
205.089	0.370858	3.65918
204.615	0.388063	3.64177
204.144	0.405267	3.62435
203.675	0.422471	3.60694
203.209	0.439675	3.58952
202.744	0.456879	3.5721
202.281	0.474083	3.55469
201.821	0.491287	3.53727
201.363	0.508492	3.51986
200.906	0.525696	3.50244
200.452	0.5429	3.48503
200	0.560104	3.46761
