2000	-251.045	47.5779
1955.88	-244.436	46.0993
1913.67	-237.826	44.6208
1873.24	-231.217	43.1422
1834.48	-224.607	41.6637
1797.3	-217.997	40.1852
1761.59	-211.388	38.7066
1727.27	-204.778	37.2281
1694.27	-198.169	35.7495
1662.5	-191.559	34.271
1631.9	-184.95	32.7924
1602.41	-178.34	31.3139
1573.96	-171.731	29.8353
1546.51	-165.121	28.3568
1520	-158.511	26.8782
1494.38	-151.902	25.3997
1469.61	-145.292	23.9211
1445.65	-138.683	22.4426
1422.46	-132.073	20.964
1400	-125.464	19.4855
1378.24	-118.854	18.007
1357.14	-112.245	16.5284
1336.68	-105.635	15.0499
1316.83	-99.0255	13.5713
1297.56	-92.4159	12.0928
1278.85	-85.8064	10.6142
1260.66	-79.1968	9.13567
1242.99	-72.5873	7.65712
1225.81	-70.6448	7.34753
1209.09	-69.4101	7.21523
1192.83	-68.1755	7.08294
1176.99	-66.9408	6.95065
1161.57	-65.7062	6.81835
1146.55	-64.4716	6.68606
1131.91	-63.2369	6.55376
1117.65	-62.0023	6.42147
1103.73	-60.7676	6.28918
1090.16	-59.533	6.15688
1076.92	-58.2984	6.02459
1064	-57.0637	5.89229
1051.38	-55.8291	5.76
1039.06	-54.5944	5.62771
1027.03	-53.3598	5.49541
1015.27	-52.1252	5.36312
1003.77	-50.8905	5.23082
992.537	-49.6559	5.09853
981.55	-48.4212	4.96624
970.803	-47.1866	4.83394
960.289	-45.952	4.70165
950	-44.7173	4.56935
939.929	-43.4827	4.43706
930.07	-42.248	4.30477
920.415	-41.0134	4.17247
910.959	-39.7788	4.04018
901.695	-38.5441	3.90788
892.617	-37.3095	3.77559
883.721	-36.0748	3.6433
875	-34.8402	3.511
866.45	-33.6056	3.37871
858.065	-32.3709	3.24641
849.84	-31.1363	3.11412
841.772	-29.9016	2.98182
833.856	-28.667	2.84953
826.087	-27.5238	2.72773
818.462	-26.9624	2.67274
810.976	-26.4011	2.61775
803.625	-25.8397	2.56276
796.407	-25.2783	2.50777
789.318	-24.717	2.45277
782.353	-24.1556	2.39778
775.51	-23.5943	2.34279
768.786	-23.0329	2.2878
762.178	-22.4716	2.23281
755.682	-21.9102	2.17781
749.296	-21.3488	2.12282
743.017	-20.7875	2.06783
736.842	-20.2261	2.01284
730.769	-19.6648	1.95785
724.796	-19.209	1.91047
718.919	-18.773	1.86452
713.137	-18.3369	1.81857
707.447	-17.8871	1.77835
701.847	-17.3999	1.75366
696.335	-16.9127	1.72898
690.909	-16.4255	1.7043
685.567	-15.9846	1.69625
680.307	-15.5638	1.69547
675.127	-15.1431	1.69469
670.025	-14.7276	1.68875
665	-14.35	1.64604
660.05	-13.9724	1.60333
655.172	-13.5948	1.56063
650.367	-13.194	1.55742
645.631	-12.7742	1.58655
640.964	-12.3544	1.61568
636.364	-11.9346	1.64482
631.829	-11.5148	1.67395
627.358	-11.095	1.70308
622.951	-10.6752	1.73222
618.605	-10.2695	1.79992
614.319	-9.88482	1.92471
610.092	-9.50008	2.0495
605.923	-9.11535	2.17429
601.81	-8.73062	2.29908
597.753	-8.34588	2.42386
593.75	-7.96115	2.54865
589.8	-7.61757	2.70157
585.903	-7.39311	2.93589
582.057	-7.16865	3.17021
578.261	-6.94419	3.40454
574.514	-6.71973	3.63886
570.815	-6.49527	3.87319
567.164	-6.27081	4.10751
563.559	-6.06424	4.33253
560	-6.00203	4.48242
556.485	-5.93982	4.63231
553.015	-5.8776	4.7822
549.587	-5.81539	4.93209
546.201	-5.75318	5.08198
542.857	-5.69097	5.23188
539.554	-5.62875	5.38177
536.29	-5.6102	5.44611
533.066	-5.59328	5.50723
529.88	-5.57636	5.56835
526.733	-5.55944	5.62947
523.622	-5.54253	5.69059
520.548	-5.52561	5.75171
517.51	-5.50869	5.81283
514.507	-5.47255	5.81977
511.538	-5.4321	5.81459
508.604	-5.39165	5.80941
505.703	-5.35121	5.80424
502.836	-5.31076	5.79906
500	-5.27031	5.79388
497.196	-5.22987	5.7887
494.424	-5.18942	5.78353
491.682	-5.14897	5.77835
488.971	-5.10853	5.77317
486.289	-5.06808	5.768
483.636	-5.02764	5.76282
481.013	-4.98719	5.75764
478.417	-4.94674	5.75246
475.85	-4.90084	5.74165
473.31	-4.84999	5.72573
470.796	-4.79914	5.7098
468.31	-4.74829	5.69388
465.849	-4.69744	5.67796
463.415	-4.64659	5.66203
461.005	-4.59574	5.64611
458.621	-4.54489	5.63018
456.261	-4.49404	5.61426
453.925	-4.44319	5.59834
451.613	-4.39234	5.58241
449.324	-4.34149	5.56649
447.059	-4.29064	5.55057
444.816	-4.23979	5.53464
442.596	-4.18923	5.51744
440.397	-4.13962	5.49597
438.221	-4.09002	5.47451
436.066	-4.04042	5.45304
433.931	-3.99081	5.43158
431.818	-3.94121	5.41011
429.725	-3.8916	5.38865
427.653	-3.842	5.36718
425.6	-3.79239	5.34572
423.567	-3.74279	5.32425
421.553	-3.69318	5.30279
419.558	-3.64358	5.28132
417.582	-3.59397	5.25986
415.625	-3.54437	5.23839
413.686	-3.49476	5.21693
411.765	-3.44446	5.2075
409.861	-3.3941	5.19887
407.975	-3.34375	5.19023
406.107	-3.2934	5.1816
404.255	-3.24304	5.17297
402.421	-3.19269	5.16433
400.602	-3.14234	5.1557
398.801	-3.09198	5.14706
397.015	-3.04163	5.13843
395.245	-2.99128	5.1298
393.491	-2.94092	5.12116
391.753	-2.89057	5.11253
390.029	-2.84022	5.1039
388.321	-2.78986	5.09526
386.628	-2.74571	5.08592
384.949	-2.70496	5.07618
383.285	-2.66421	5.06644
381.636	-2.62347	5.0567
380	-2.58272	5.04696
378.378	-2.54197	5.03722
376.771	-2.50123	5.02748
375.176	-2.46048	5.01774
373.596	-2.41973	5.008
372.028	-2.37898	4.99826
370.474	-2.33824	4.98853
368.932	-2.29749	4.97879
367.403	-2.25674	4.96905
365.887	-2.216	4.95931
364.384	-2.17953	4.95168
362.892	-2.15092	4.94793
361.413	-2.12232	4.94418
359.946	-2.09372	4.94043
358.491	-2.06512	4.93668
357.047	-2.03652	4.93293
355.615	-2.00792	4.92918
354.194	-1.97932	4.92543
352.785	-1.95071	4.92168
351.387	-1.92211	4.91793
350	-1.89351	4.91418
348.624	-1.86491	4.91043
347.258	-1.83631	4.90668
345.904	-1.80771	4.90293
344.56	-1.77956	4.8992
343.226	-1.75855	4.8958
341.902	-1.73754	4.8924
340.589	-1.71653	4.889
339.286	-1.69551	4.8856
337.992	-1.6745	4.8822
336.709	-1.65349	4.8788
335.435	-1.63248	4.8754
334.171	-1.61147	4.872
332.916	-1.59046	4.8686
331.671	-1.56945	4.8652
330.435	-1.54844	4.8618
329.208	-1.52743	4.8584
327.99	-1.50642	4.855
326.781	-1.48541	4.85159
325.581	-1.46347	4.83787
324.39	-1.44124	4.82099
323.208	-1.41901	4.80412
322.034	-1.39679	4.78724
320.869	-1.37456	4.77037
319.712	-1.35233	4.75349
318.563	-1.3301	4.73662
317.422	-1.30788	4.71974
316.29	-1.28565	4.70287
315.166	-1.26342	4.68599
314.05	-1.24119	4.66912
312.941	-1.21896	4.65224
311.841	-1.19674	4.63537
310.748	-1.17451	4.61849
309.662	-1.14659	4.61119
308.585	-1.11234	4.61455
307.514	-1.07808	4.61791
306.452	-1.04383	4.62126
305.396	-1.00957	4.62462
304.348	-0.975318	4.62798
303.307	-0.941064	4.63134
302.273	-0.906809	4.6347
301.246	-0.872555	4.63806
300.226	-0.8383	4.64141
299.213	-0.804046	4.64477
298.206	-0.769791	4.64813
297.207	-0.735537	4.65149
296.214	-0.701282	4.65485
295.228	-0.670632	4.66049
294.248	-0.65638	4.67656
293.275	-0.642128	4.69262
292.308	-0.627877	4.70869
291.347	-0.613625	4.72475
290.393	-0.599373	4.74081
289.445	-0.585122	4.75688
288.503	-0.57087	4.77294
287.568	-0.556618	4.78901
286.638	-0.542366	4.80507
285.714	-0.528115	4.82113
284.797	-0.513863	4.8372
283.885	-0.499611	4.85326
282.979	-0.485359	4.86932
282.078	-0.471108	4.88539
281.184	-0.470059	4.89897
280.295	-0.470688	4.91223
279.412	-0.471318	4.9255
278.534	-0.471948	4.93876
277.662	-0.472577	4.95203
276.795	-0.473207	4.96529
275.934	-0.473837	4.97856
275.078	-0.474466	4.99183
274.227	-0.475096	5.00509
273.381	-0.475726	5.01836
272.541	-0.476355	5.03162
271.706	-0.476985	5.04489
270.876	-0.477615	5.05815
270.051	-0.478244	5.07142
269.231	-0.482853	5.08328
268.416	-0.490178	5.09418
267.606	-0.497503	5.10508
266.8	-0.504828	5.11598
266	-0.512154	5.12688
265.204	-0.519479	5.13778
264.414	-0.526804	5.14868
263.627	-0.534129	5.15958
262.846	-0.541455	5.17048
262.069	-0.54878	5.18138
261.297	-0.556105	5.19228
260.529	-0.56343	5.20318
259.766	-0.570756	5.21408
259.007	-0.578081	5.22498
258.252	-0.592141	5.23261
257.502	-0.621826	5.23265
256.757	-0.651512	5.2327
256.015	-0.681198	5.23274
255.278	-0.710884	5.23278
254.545	-0.74057	5.23282
253.817	-0.770256	5.23286
253.092	-0.799942	5.23291
252.372	-0.829627	5.23295
251.656	-0.859313	5.23299
250.943	-0.888999	5.23303
250.235	-0.918685	5.23307
249.531	-0.948371	5.23312
248.831	-0.978057	5.23316
248.134	-1.00769	5.23305
247.442	-1.03064	5.21449
246.753	-1.0536	5.19594
246.068	-1.07655	5.17738
245.387	-1.09951	5.15883
244.71	-1.12246	5.14028
244.037	-1.14542	5.12172
243.367	-1.16837	5.10317
242.701	-1.19133	5.08461
242.038	-1.21429	5.06606
241.379	-1.23724	5.0475
240.724	-1.2602	5.02895
240.072	-1.28315	5.01039
239.424	-1.30611	4.99184
238.779	-1.32906	4.97329
238.138	-1.34533	4.94743
237.5	-1.35893	4.91866
236.866	-1.37253	4.88989
236.234	-1.38613	4.86112
235.607	-1.39973	4.83235
234.982	-1.41333	4.80358
234.361	-1.42693	4.77481
233.743	-1.44053	4.74604
233.129	-1.45414	4.71727
232.517	-1.46774	4.6885
231.909	-1.48134	4.65973
231.304	-1.49494	4.63096
230.703	-1.50854	4.60219
230.104	-1.52214	4.57342
229.508	-1.53311	4.5435
228.916	-1.54047	4.51199
228.326	-1.54783	4.48047
227.74	-1.55519	4.44896
227.156	-1.56255	4.41745
226.576	-1.56991	4.38594
225.998	-1.57727	4.35443
225.424	-1.58463	4.32291
224.852	-1.59199	4.2914
224.283	-1.59935	4.25989
223.717	-1.60671	4.22838
223.154	-1.61407	4.19687
222.594	-1.62143	4.16535
222.037	-1.62879	4.13384
221.482	-1.63469	4.10249
220.93	-1.63075	4.07224
220.381	-1.62681	4.04199
219.835	-1.62287	4.01174
219.291	-1.61894	3.98148
218.75	-1.615	3.95123
218.212	-1.61106	3.92098
217.676	-1.60712	3.89073
217.143	-1.60318	3.86047
216.612	-1.59924	3.83022
216.084	-1.5953	3.79997
215.559	-1.59136	3.76971
215.036	-1.58742	3.73946
214.516	-1.58348	3.70921
213.998	-1.57955	3.67896
213.483	-1.57115	3.65254
212.97	-1.56189	3.62688
212.46	-1.55263	3.60122
211.952	-1.54336	3.57555
211.447	-1.5341	3.54989
210.944	-1.52484	3.52423
210.443	-1.51557	3.49856
209.945	-1.50631	3.4729
209.449	-1.49705	3.44724
208.955	-1.48779	3.42158
208.464	-1.47852	3.39591
207.975	-1.46926	3.37025
207.488	-1.46	3.34459
207.004	-1.45073	3.31892
206.522	-1.43903	3.29691
206.042	-1.42529	3.27797
205.564	-1.41154	3.25903
205.089	-1.39779	3.24009
204.615	-1.38405	3.22115
204.144	-1.3703	3.20221
203.675	-1.35655	3.18327
203.209	-1.34281	3.16433
202.744	-1.32906	3.14539
202.281	-1.31531	3.12645
201.821	-1.30157	3.10751
201.363	-1.28782	3.08856
200.906	-1.27407	3.06962
200.452	-1.26033	3.05068
200	-1.24658	3.03174
