2000	-111.68	18.0277
1955.88	-107.325	17.1655
1913.67	-102.816	16.3187
1873.24	-98.2674	15.4976
1834.48	-94.3149	14.7743
1797.3	-90.6287	14.0916
1761.59	-87.1515	13.4479
1727.27	-83.9317	12.8622
1694.27	-80.888	12.31
1662.5	-77.9598	11.7848
1631.9	-75.1494	11.2892
1602.41	-72.526	10.8284
1573.96	-70.0063	10.3866
1546.51	-67.589	9.96381
1520	-65.3237	9.56896
1494.38	-63.2451	9.2383
1469.61	-61.2619	8.94116
1445.65	-59.3113	8.65719
1422.46	-57.4851	8.39377
1400	-55.7	8.14092
1378.24	-53.9381	7.89763
1357.14	-52.4108	7.6737
1336.68	-50.9074	7.45817
1316.83	-49.4319	7.25054
1297.56	-48.0708	7.05298
1278.85	-46.7277	6.86449
1260.66	-50.1478	6.82934
1242.99	-68.0903	7.24927
1225.81	-70.3845	7.22154
1209.09	-69.16	7.09314
1192.83	-67.9356	6.96475
1176.99	-66.7111	6.83636
1161.57	-65.4867	6.70796
1146.55	-64.2623	6.57957
1131.91	-63.0378	6.45118
1117.65	-61.8134	6.32278
1103.73	-60.5889	6.19439
1090.16	-59.3645	6.06599
1076.92	-58.1401	5.9376
1064	-56.9156	5.80921
1051.38	-55.6912	5.68081
1039.06	-54.4667	5.55242
1027.03	-53.2423	5.42403
1015.27	-52.0179	5.29563
1003.77	-50.7934	5.16724
992.537	-49.569	5.03885
981.55	-48.3445	4.91045
970.803	-47.1201	4.78206
960.289	-45.8957	4.65367
950	-44.6712	4.52527
939.929	-43.4468	4.39688
930.07	-42.2223	4.26849
920.415	-40.9979	4.14009
910.959	-39.7735	4.0117
901.695	-38.549	3.8833
892.617	-37.3246	3.75491
883.721	-36.1002	3.62652
875	-34.8757	3.49812
866.45	-33.6513	3.36973
858.065	-32.4268	3.24134
849.84	-31.2024	3.11294
841.772	-29.978	2.98455
833.856	-28.7535	2.85616
826.087	-27.5675	2.73212
818.462	-27.0065	2.67903
810.976	-26.4454	2.62594
803.625	-25.8844	2.57284
796.407	-25.3233	2.51975
789.318	-24.7623	2.46666
782.353	-24.2012	2.41356
775.51	-23.6402	2.36047
768.786	-23.0791	2.30737
762.178	-22.5181	2.25428
755.682	-21.9571	2.20119
749.296	-21.396	2.14809
743.017	-20.835	2.095
736.842	-20.2739	2.0419
730.769	-19.7129	1.98881
724.796	-19.2284	1.94179
718.919	-18.7688	1.89675
713.137	-18.3092	1.85171
707.447	-17.8531	1.81025
701.847	-17.4127	1.78524
696.335	-16.9724	1.76024
690.909	-16.532	1.73523
685.567	-16.1036	1.71426
680.307	-15.6831	1.69594
675.127	-15.2625	1.67762
670.025	-14.8426	1.65913
665	-14.4426	1.63423
660.05	-14.0426	1.60933
655.172	-13.6426	1.58443
650.367	-13.2339	1.58286
645.631	-12.8145	1.60968
640.964	-12.3951	1.6365
636.364	-11.9757	1.66332
631.829	-11.5562	1.69014
627.358	-11.1368	1.71695
622.951	-10.7174	1.74377
618.605	-10.3086	1.79889
614.319	-9.92455	1.92021
610.092	-9.54051	2.04152
605.923	-9.15647	2.16284
601.81	-8.77243	2.28415
597.753	-8.38839	2.40547
593.75	-8.00434	2.52678
589.8	-7.64402	2.66458
585.903	-7.42039	2.89739
582.057	-7.19676	3.1302
578.261	-6.97313	3.36302
574.514	-6.7495	3.59583
570.815	-6.52587	3.82864
567.164	-6.30225	4.06146
563.559	-6.07862	4.29427
560	-6.01488	4.44729
556.485	-5.95178	4.59998
553.015	-5.88869	4.75268
549.587	-5.82559	4.90538
546.201	-5.7625	5.05808
542.857	-5.6994	5.21077
539.554	-5.63631	5.36347
536.29	-5.61222	5.43878
533.066	-5.59532	5.49986
529.88	-5.57841	5.56093
526.733	-5.56151	5.62201
523.622	-5.5446	5.68308
520.548	-5.5277	5.74415
517.51	-5.5108	5.80523
514.507	-5.47761	5.82042
511.538	-5.43719	5.81524
508.604	-5.39677	5.81007
505.703	-5.35635	5.8049
502.836	-5.31594	5.79972
500	-5.27552	5.79455
497.196	-5.2351	5.78937
494.424	-5.19469	5.7842
491.682	-5.15427	5.77903
488.971	-5.11385	5.77385
486.289	-5.07343	5.76868
483.636	-5.03302	5.76351
481.013	-4.9926	5.75833
478.417	-4.95218	5.75316
475.85	-4.90772	5.74381
473.31	-4.8569	5.72789
470.796	-4.80609	5.71198
468.31	-4.75528	5.69607
465.849	-4.70446	5.68016
463.415	-4.65365	5.66424
461.005	-4.60284	5.64833
458.621	-4.55202	5.63242
456.261	-4.50121	5.6165
453.925	-4.45039	5.60059
451.613	-4.39958	5.58468
449.324	-4.34877	5.56877
447.059	-4.29795	5.55285
444.816	-4.24714	5.53694
442.596	-4.19643	5.52055
440.397	-4.14686	5.4991
438.221	-4.09729	5.47765
436.066	-4.04773	5.4562
433.931	-3.99816	5.43475
431.818	-3.94859	5.41331
429.725	-3.89902	5.39186
427.653	-3.84945	5.37041
425.6	-3.79988	5.34896
423.567	-3.75031	5.32751
421.553	-3.70074	5.30606
419.558	-3.65117	5.28461
417.582	-3.60161	5.26316
415.625	-3.55204	5.24171
413.686	-3.50247	5.22026
411.765	-3.4917	5.2156
409.861	-3.4917	5.2156
407.975	-3.4917	5.2156
406.107	-3.4917	5.2156
404.255	-3.4917	5.2156
402.421	-3.4917	5.2156
400.602	-3.4917	5.2156
398.801	-3.4917	5.2156
397.015	-3.4917	5.2156
395.245	-3.4917	5.2156
393.491	-3.4917	5.2156
391.753	-3.4917	5.2156
390.029	-3.4917	5.2156
388.321	-3.4917	5.2156
386.628	-3.44805	5.2068
384.949	-3.35702	5.18844
383.285	-3.26598	5.17008
381.636	-3.17495	5.15172
380	-3.08392	5.13336
378.378	-2.99289	5.115
376.771	-2.90186	5.09664
375.176	-2.81082	5.07828
373.596	-2.71979	5.05993
372.028	-2.62876	5.04157
370.474	-2.53773	5.02321
368.932	-2.44669	5.00485
367.403	-2.35566	4.98649
365.887	-2.26463	4.96813
364.384	-2.18458	4.95234
362.892	-2.15599	4.94859
361.413	-2.12741	4.94485
359.946	-2.09883	4.9411
358.491	-2.07025	4.93735
357.047	-2.04167	4.9336
355.615	-2.01309	4.92986
354.194	-1.98451	4.92611
352.785	-1.95593	4.92236
351.387	-1.92735	4.91861
350	-1.89877	4.91487
348.624	-1.87019	4.91112
347.258	-1.8416	4.90737
345.904	-1.81302	4.90363
344.56	-1.78444	4.89988
343.226	-1.76248	4.89644
341.902	-1.74149	4.89304
340.589	-1.72049	4.88964
339.286	-1.6995	4.88624
337.992	-1.6785	4.88284
336.709	-1.65751	4.87945
335.435	-1.63651	4.87605
334.171	-1.61552	4.87265
332.916	-1.59452	4.86925
331.671	-1.57353	4.86586
330.435	-1.55253	4.86246
329.208	-1.53154	4.85906
327.99	-1.51054	4.85566
326.781	-1.48955	4.85226
325.581	-1.46786	4.84121
324.39	-1.44565	4.82434
323.208	-1.42344	4.80748
322.034	-1.40123	4.79062
320.869	-1.37902	4.77375
319.712	-1.3568	4.75689
318.563	-1.33459	4.74003
317.422	-1.31238	4.72316
316.29	-1.29017	4.7063
315.166	-1.26796	4.68944
314.05	-1.24575	4.67257
312.941	-1.22353	4.65571
311.841	-1.20132	4.63885
310.748	-1.17911	4.62198
309.662	-1.15371	4.61049
308.585	-1.11948	4.61385
307.514	-1.08525	4.6172
306.452	-1.05102	4.62056
305.396	-1.01679	4.62391
304.348	-0.982563	4.62727
303.307	-0.948335	4.63063
302.273	-0.914106	4.63398
301.246	-0.879878	4.63734
300.226	-0.845649	4.64069
299.213	-0.811421	4.64405
298.206	-0.777192	4.6474
297.207	-0.742964	4.65076
296.214	-0.708735	4.65412
295.228	-0.674507	4.65747
294.248	-0.659502	4.67304
293.275	-0.645259	4.68909
292.308	-0.631017	4.70515
291.347	-0.616775	4.7212
290.393	-0.602533	4.73725
289.445	-0.588291	4.75331
288.503	-0.574049	4.76936
287.568	-0.559806	4.78541
286.638	-0.545564	4.80146
285.714	-0.531322	4.81752
284.797	-0.51708	4.83357
283.885	-0.502838	4.84962
282.979	-0.488596	4.86568
282.078	-0.474353	4.88173
281.184	-0.469915	4.89594
280.295	-0.470544	4.90919
279.412	-0.471173	4.92245
278.534	-0.471802	4.93571
277.662	-0.472432	4.94896
276.795	-0.473061	4.96222
275.934	-0.47369	4.97547
275.078	-0.474319	4.98873
274.227	-0.474949	5.00198
273.381	-0.475578	5.01524
272.541	-0.476207	5.02849
271.706	-0.476836	5.04175
270.876	-0.477465	5.05501
270.051	-0.478095	5.06826
269.231	-0.481105	5.08068
268.416	-0.488425	5.09157
267.606	-0.495745	5.10246
266.8	-0.503065	5.11335
266	-0.510385	5.12425
265.204	-0.517705	5.13514
264.414	-0.525025	5.14603
263.627	-0.532345	5.15692
262.846	-0.539665	5.16782
262.069	-0.546985	5.17871
261.297	-0.554305	5.1896
260.529	-0.561625	5.2005
259.766	-0.568945	5.21139
259.007	-0.576265	5.22228
258.252	-0.58476	5.2326
257.502	-0.614424	5.23264
256.757	-0.644087	5.23269
256.015	-0.673751	5.23273
255.278	-0.703414	5.23277
254.545	-0.733077	5.23281
253.817	-0.762741	5.23285
253.092	-0.792404	5.2329
252.372	-0.822068	5.23294
251.656	-0.851731	5.23298
250.943	-0.881394	5.23302
250.235	-0.911058	5.23306
249.531	-0.940721	5.23311
248.831	-0.970384	5.23315
248.134	-1.00005	5.23319
247.442	-1.02468	5.21932
246.753	-1.04761	5.20078
246.068	-1.07055	5.18224
245.387	-1.09349	5.16369
244.71	-1.11643	5.14515
244.037	-1.13937	5.12661
243.367	-1.16231	5.10807
242.701	-1.18524	5.08953
242.038	-1.20818	5.07099
241.379	-1.23112	5.05245
240.724	-1.25406	5.03391
240.072	-1.277	5.01537
239.424	-1.29994	4.99683
238.779	-1.32288	4.97829
238.138	-1.34165	4.9552
237.5	-1.35524	4.92645
236.866	-1.36884	4.8977
236.234	-1.38243	4.86895
235.607	-1.39602	4.8402
234.982	-1.40961	4.81145
234.361	-1.4232	4.7827
233.743	-1.4368	4.75395
233.129	-1.45039	4.7252
232.517	-1.46398	4.69645
231.909	-1.47757	4.6677
231.304	-1.49116	4.63895
230.703	-1.50476	4.6102
230.104	-1.51835	4.58145
229.508	-1.53105	4.55231
228.916	-1.5384	4.52082
228.326	-1.54576	4.48933
227.74	-1.55311	4.45784
227.156	-1.56047	4.42635
226.576	-1.56782	4.39487
225.998	-1.57518	4.36338
225.424	-1.58253	4.33189
224.852	-1.58989	4.3004
224.283	-1.59724	4.26891
223.717	-1.6046	4.23743
223.154	-1.61195	4.20594
222.594	-1.61931	4.17445
222.037	-1.62666	4.14296
221.482	-1.63402	4.11147
220.93	-1.6319	4.08104
220.381	-1.62796	4.05081
219.835	-1.62403	4.02058
219.291	-1.62009	3.99034
218.75	-1.61615	3.96011
218.212	-1.61222	3.92988
217.676	-1.60828	3.89965
217.143	-1.60434	3.86942
216.612	-1.60041	3.83919
216.084	-1.59647	3.80895
215.559	-1.59254	3.77872
215.036	-1.5886	3.74849
214.516	-1.58466	3.71826
213.998	-1.58073	3.68803
213.483	-1.57394	3.66026
212.97	-1.56468	3.63461
212.46	-1.55543	3.60897
211.952	-1.54617	3.58333
211.447	-1.53692	3.55769
210.944	-1.52766	3.53205
210.443	-1.51841	3.50641
209.945	-1.50915	3.48076
209.449	-1.49989	3.45512
208.955	-1.49064	3.42948
208.464	-1.48138	3.40384
207.975	-1.47213	3.3782
207.488	-1.46287	3.35256
207.004	-1.45362	3.32691
206.522	-1.44335	3.30279
206.042	-1.42972	3.28371
205.564	-1.41609	3.26463
205.089	-1.40246	3.24555
204.615	-1.38883	3.22647
204.144	-1.3752	3.20739
203.675	-1.36157	3.18831
203.209	-1.34795	3.16923
202.744	-1.33432	3.15015
202.281	-1.32069	3.13107
201.821	-1.30706	3.11199
201.363	-1.29343	3.09291
200.906	-1.2798	3.07383
200.452	-1.26617	3.05475
200	-1.25254	3.03567
