2000	-36.52	54.9888
1955.88	-35.2299	53.9265
1913.67	-33.9399	52.8643
1873.24	-32.6498	51.802
1834.48	-31.3598	50.7398
1797.3	-30.0697	49.6775
1761.59	-28.7796	48.6152
1727.27	-27.4896	47.553
1694.27	-26.1995	46.4907
1662.5	-24.9836	45.4763
1631.9	-24.2087	44.746
1602.41	-23.4339	44.0158
1573.96	-22.659	43.2855
1546.51	-21.8841	42.5553
1520	-21.1092	41.825
1494.38	-20.3343	41.0948
1469.61	-19.5594	40.3646
1445.65	-18.7845	39.6343
1422.46	-18.0725	38.9547
1400	-17.518	38.4018
1378.24	-16.9635	37.8489
1357.14	-16.4089	37.2961
1336.68	-15.8544	36.7432
1316.83	-15.2999	36.1903
1297.56	-14.7454	35.6375
1278.85	-14.1908	35.0846
1260.66	-13.6363	34.5317
1242.99	-13.1817	34.0502
1225.81	-12.8771	33.6756
1209.09	-12.5725	33.3011
1192.83	-12.2679	32.9265
1176.99	-11.9632	32.552
1161.57	-11.6586	32.1774
1146.55	-11.354	31.8029
1131.91	-11.0493	31.4283
1117.65	-10.7447	31.0538
1103.73	-10.4749	30.7114
1090.16	-10.2367	30.3982
1076.92	-9.99846	30.0849
1064	-9.76022	29.7717
1051.38	-9.52198	29.4584
1039.06	-9.28374	29.1452
1027.03	-9.0455	28.8319
1015.27	-8.80725	28.5187
1003.77	-8.56901	28.2054
992.537	-8.47372	28.044
981.55	-8.44991	27.9585
970.803	-8.42609	27.873
960.289	-8.40227	27.7874
950	-8.37846	27.7019
939.929	-8.35464	27.6164
930.07	-8.33083	27.5309
920.415	-8.30701	27.4454
910.959	-8.28319	27.3599
901.695	-8.25938	27.2743
892.617	-8.23556	27.1888
883.721	-8.21175	27.1033
875	-8.18793	27.0178
866.45	-8.16411	26.9323
858.065	-8.1403	26.8468
849.84	-8.11648	26.7612
841.772	-8.09267	26.6757
833.856	-8.06885	26.5902
826.087	-8.04503	26.5047
818.462	-8.02122	26.4192
810.976	-7.9974	26.3337
803.625	-7.97358	26.2481
796.407	-7.94977	26.1626
789.318	-7.92595	26.0771
782.353	-7.90214	25.9916
775.51	-7.87832	25.9061
768.786	-7.8545	25.8206
762.178	-7.83069	25.735
755.682	-7.80687	25.6495
749.296	-7.78306	25.564
743.017	-7.75924	25.4785
736.842	-7.73542	25.393
730.769	-7.71161	25.3075
724.796	-7.68779	25.2219
718.919	-7.66398	25.1364
713.137	-7.64016	25.0509
707.447	-7.61634	24.9654
701.847	-7.59253	24.8799
696.335	-7.56871	24.7944
690.909	-7.54489	24.7088
685.567	-7.52108	24.6233
680.307	-7.49726	24.5378
675.127	-7.47345	24.4523
670.025	-7.44963	24.3668
665	-7.42581	24.2813
660.05	-7.402	24.1957
655.172	-7.37818	24.1102
650.367	-7.35437	24.0247
645.631	-7.33055	23.9392
640.964	-7.30673	23.8537
636.364	-7.28292	23.7682
631.829	-7.2591	23.6826
627.358	-7.23529	23.5971
622.951	-7.21147	23.5116
618.605	-7.18765	23.4261
614.319	-7.16384	23.3406
610.092	-7.14002	23.2551
605.923	-7.11621	23.1695
601.81	-7.09239	23.084
597.753	-7.06857	22.9985
593.75	-7.04476	22.913
589.8	-7.02094	22.8275
585.903	-6.99712	22.742
582.057	-6.97331	22.6564
578.261	-6.94949	22.5709
574.514	-6.92568	22.4854
570.815	-6.90186	22.3999
567.164	-6.87804	22.3144
563.559	-6.85423	22.2289
560	-6.83041	22.1433
556.485	-6.8066	22.0578
553.015	-6.78278	21.9723
549.587	-6.75896	21.8868
546.201	-6.73515	21.8013
542.857	-6.71133	21.7158
539.554	-6.68752	21.6302
536.29	-6.6637	21.5447
533.066	-6.63988	21.4592
529.88	-6.61607	21.3737
526.733	-6.59225	21.2882
523.622	-6.56844	21.2027
520.548	-6.54462	21.1171
517.51	-6.5208	21.0316
514.507	-6.49699	20.9461
511.538	-6.47317	20.8606
508.604	-6.44935	20.7751
505.703	-6.42554	20.6896
502.836	-6.40172	20.604
500	-6.37791	20.5185
497.196	-6.35409	20.433
494.424	-6.33027	20.3475
491.682	-6.30646	20.262
488.971	-6.28264	20.1765
486.289	-6.25883	20.0909
483.636	-6.23501	20.0054
481.013	-6.21119	19.9199
478.417	-6.18738	19.8344
475.85	-6.16356	19.7489
473.31	-6.13975	19.6634
470.796	-6.11593	19.5778
468.31	-6.09211	19.4923
465.849	-6.0683	19.4068
463.415	-6.04448	19.3213
461.005	-6.02066	19.2358
458.621	-5.99685	19.1503
456.261	-5.97303	19.0648
453.925	-5.94922	18.9792
451.613	-5.9254	18.8937
449.324	-5.90158	18.8082
447.059	-5.87777	18.7227
444.816	-5.85395	18.6372
442.596	-5.83014	18.5517
440.397	-5.80632	18.4661
438.221	-5.7825	18.3806
436.066	-5.75869	18.2951
433.931	-5.73487	18.2096
431.818	-5.71106	18.1241
429.725	-5.68724	18.0386
427.653	-5.66342	17.953
425.6	-5.63961	17.8675
423.567	-5.61579	17.782
421.553	-5.59198	17.6965
419.558	-5.56816	17.611
417.582	-5.54434	17.5255
415.625	-5.52053	17.4399
413.686	-5.49671	17.3544
411.765	-5.47289	17.2689
409.861	-5.44908	17.1834
407.975	-5.42526	17.0979
406.107	-5.40145	17.0124
404.255	-5.37763	16.9268
402.421	-5.35381	16.8413
400.602	-5.33	16.7558
398.801	-5.30618	16.6703
397.015	-5.28237	16.5848
395.245	-5.25855	16.4993
393.491	-5.23473	16.4137
391.753	-5.21092	16.3282
390.029	-5.1871	16.2427
388.321	-5.16329	16.1572
386.628	-5.13947	16.0717
384.949	-5.11565	15.9862
383.285	-5.09184	15.9006
381.636	-5.06802	15.8151
380	-5.04421	15.7296
378.378	-5.02039	15.6441
376.771	-4.99657	15.5586
375.176	-4.97276	15.4731
373.596	-4.94894	15.3875
372.028	-4.92512	15.302
370.474	-4.90131	15.2165
368.932	-4.87749	15.131
367.403	-4.85368	15.0455
365.887	-4.82986	14.96
364.384	-4.80604	14.8744
362.892	-4.78223	14.7889
361.413	-4.75841	14.7034
359.946	-4.7346	14.6179
358.491	-4.71078	14.5324
357.047	-4.68696	14.4469
355.615	-4.66315	14.3613
354.194	-4.63933	14.2758
352.785	-4.61552	14.1903
351.387	-4.5917	14.1048
350	-4.56788	14.0193
348.624	-4.54407	13.9338
347.258	-4.52025	13.8482
345.904	-4.49644	13.7627
344.56	-4.47262	13.6772
343.226	-4.4488	13.5917
341.902	-4.42499	13.5062
340.589	-4.40117	13.4207
339.286	-4.37735	13.3351
337.992	-4.35354	13.2496
336.709	-4.32972	13.1641
335.435	-4.30591	13.0786
334.171	-4.28209	12.9931
332.916	-4.25827	12.9076
331.671	-4.23446	12.822
330.435	-4.21064	12.7365
329.208	-4.18683	12.651
327.99	-4.16301	12.5655
326.781	-4.13919	12.48
325.581	-4.11538	12.3945
324.39	-4.09156	12.3089
323.208	-4.06775	12.2234
322.034	-4.04393	12.1379
320.869	-4.02011	12.0524
319.712	-3.9963	11.9669
318.563	-3.97248	11.8814
317.422	-3.94866	11.7958
316.29	-3.92485	11.7103
315.166	-3.90103	11.6248
314.05	-3.87722	11.5393
312.941	-3.8534	11.4538
311.841	-3.82958	11.3683
310.748	-3.80577	11.2827
309.662	-3.78195	11.1972
308.585	-3.75814	11.1117
307.514	-3.73432	11.0262
306.452	-3.7105	10.9407
305.396	-3.68669	10.8552
304.348	-3.66287	10.7696
303.307	-3.63906	10.6841
302.273	-3.61524	10.5986
301.246	-3.59142	10.5131
300.226	-3.56761	10.4276
299.213	-3.54379	10.3421
298.206	-3.51998	10.2565
297.207	-3.49616	10.171
296.214	-3.47234	10.0855
295.228	-3.44853	10
294.248	-3.42471	9.91448
293.275	-3.40089	9.82896
292.308	-3.37708	9.74345
291.347	-3.35326	9.65793
290.393	-3.32945	9.57241
289.445	-3.30563	9.4869
288.503	-3.28181	9.40138
287.568	-3.258	9.31586
286.638	-3.23418	9.23035
285.714	-3.21037	9.14483
284.797	-3.18655	9.05931
283.885	-3.16273	8.9738
282.979	-3.13892	8.88828
282.078	-3.1151	8.80276
281.184	-3.09129	8.71725
280.295	-3.06747	8.63173
279.412	-3.04365	8.54621
278.534	-3.01984	8.4607
277.662	-2.99602	8.37518
276.795	-2.97221	8.28966
275.934	-2.94839	8.20415
275.078	-2.92457	8.11863
274.227	-2.90076	8.03311
273.381	-2.87694	7.9476
272.541	-2.85312	7.86208
271.706	-2.82931	7.77656
270.876	-2.80549	7.69105
270.051	-2.78168	7.60553
269.231	-2.75786	7.52002
268.416	-2.73404	7.4345
267.606	-2.71023	7.34898
266.8	-2.68641	7.26347
266	-2.6626	7.17795
265.204	-2.63878	7.09243
264.414	-2.61496	7.00692
263.627	-2.59115	6.9214
262.846	-2.56733	6.83588
262.069	-2.54352	6.75037
261.297	-2.5197	6.66485
260.529	-2.49588	6.57933
259.766	-2.47207	6.49382
259.007	-2.44825	6.4083
258.252	-2.42443	6.32278
257.502	-2.40062	6.23727
256.757	-2.3768	6.15175
256.015	-2.35299	6.06623
255.278	-2.32917	5.98072
254.545	-2.30535	5.8952
253.817	-2.28154	5.80968
253.092	-2.25772	5.72417
252.372	-2.23391	5.63865
251.656	-2.21009	5.55313
250.943	-2.18627	5.46762
250.235	-2.16246	5.3821
249.531	-2.13864	5.29658
248.831	-2.11483	5.21107
248.134	-2.09101	5.12555
247.442	-2.06991	5.10083
246.753	-2.04946	5.09071
246.068	-2.02901	5.08058
245.387	-2.00856	5.07045
244.71	-1.98811	5.06032
244.037	-1.96767	5.0502
243.367	-1.94722	5.04007
242.701	-1.92677	5.02994
242.038	-1.90632	5.01982
241.379	-1.88587	5.00969
240.724	-1.86542	4.99956
240.072	-1.84497	4.98944
239.424	-1.82453	4.97931
238.779	-1.80408	4.96918
238.138	-1.78638	4.95761
237.5	-1.77265	4.94394
236.866	-1.75892	4.93027
236.234	-1.74519	4.91661
235.607	-1.73147	4.90294
234.982	-1.71774	4.88928
234.361	-1.70401	4.87561
233.743	-1.69028	4.86195
233.129	-1.67655	4.84828
232.517	-1.66282	4.83462
231.909	-1.64909	4.82095
231.304	-1.63537	4.80729
230.703	-1.62164	4.79362
230.104	-1.60791	4.77995
229.508	-1.59446	4.76765
228.916	-1.58255	4.76281
228.326	-1.57065	4.75798
227.74	-1.55874	4.75314
227.156	-1.54683	4.7483
226.576	-1.53493	4.74346
225.998	-1.52302	4.73862
225.424	-1.51111	4.73379
224.852	-1.49921	4.72895
224.283	-1.4873	4.72411
223.717	-1.47539	4.71927
223.154	-1.46349	4.71443
222.594	-1.45158	4.70959
222.037	-1.43967	4.70476
221.482	-1.42777	4.69992
220.93	-1.41967	4.69446
220.381	-1.41223	4.6889
219.835	-1.40479	4.68334
219.291	-1.39735	4.67777
218.75	-1.38991	4.67221
218.212	-1.38247	4.66665
217.676	-1.37503	4.66108
217.143	-1.36759	4.65552
216.612	-1.36015	4.64996
216.084	-1.35272	4.64439
215.559	-1.34528	4.63883
215.036	-1.33784	4.63327
214.516	-1.3304	4.6277
213.998	-1.32296	4.62214
213.483	-1.31937	4.6148
212.97	-1.31818	4.60636
212.46	-1.31699	4.59792
211.952	-1.3158	4.58948
211.447	-1.31461	4.58104
210.944	-1.31342	4.5726
210.443	-1.31223	4.56416
209.945	-1.31104	4.55572
209.449	-1.30985	4.54727
208.955	-1.30866	4.53883
208.464	-1.30747	4.53039
207.975	-1.30628	4.52195
207.488	-1.30509	4.51351
207.004	-1.3039	4.50507
206.522	-1.3027	4.49662
206.042	-1.30149	4.48812
205.564	-1.30027	4.47961
205.089	-1.29906	4.47111
204.615	-1.29784	4.46261
204.144	-1.29663	4.45411
203.675	-1.29542	4.44561
203.209	-1.2942	4.43711
202.744	-1.29299	4.42861
202.281	-1.29177	4.42011
201.821	-1.29056	4.4116
201.363	-1.28934	4.4031
200.906	-1.28813	4.3946
200.452	-1.28691	4.3861
200	-1.2857	4.3776
