2000	17.0123	0.000634524
1955.88	17.0925	0.000935088
1913.67	17.1728	0.00123565
1873.24	17.2531	0.00153622
1834.48	17.3333	0.00183678
1797.3	17.4136	0.00213734
1761.59	17.4686	0.00261539
1727.27	17.4542	0.00357954
1694.27	17.4399	0.00454368
1662.5	17.4255	0.00550783
1631.9	17.4112	0.00647198
1602.41	17.706	0.020833
1573.96	18.0105	0.0356091
1546.51	18.277	0.0591403
1520	18.2883	0.14177
1494.38	18.2995	0.224399
1469.61	18.3107	0.307028
1445.65	18.3219	0.389658
1422.46	18.3331	0.472287
1400	18.3443	0.554916
1378.24	18.3555	0.637546
1357.14	18.4031	0.646933
1336.68	18.4511	0.655496
1316.83	18.499	0.664059
1297.56	18.547	0.672622
1278.85	18.5949	0.681185
1260.66	18.6429	0.689749
1242.99	18.6908	0.698312
1225.81	18.759	0.723288
1209.09	18.8313	0.751676
1192.83	18.9036	0.780063
1176.99	18.9759	0.80845
1161.57	19.0483	0.836838
1146.55	19.1206	0.865225
1131.91	19.1929	0.893612
1117.65	19.2455	0.920232
1103.73	19.288	0.945935
1090.16	19.3304	0.971637
1076.92	19.3728	0.99734
1064	19.4152	1.02304
1051.38	19.4576	1.04875
1039.06	19.5	1.07445
1027.03	19.5671	1.11628
1015.27	19.659	1.17429
1003.77	19.7509	1.23229
992.537	19.8428	1.2903
981.55	19.9347	1.34831
970.803	20.0266	1.40632
960.289	20.1185	1.46433
950	20.2065	1.51305
939.929	20.2877	1.54543
930.07	20.3689	1.57781
920.415	20.4501	1.61018
910.959	20.5312	1.64256
901.695	20.6124	1.67494
892.617	20.6936	1.70732
883.721	20.7815	1.76379
875	20.894	1.90938
866.45	21.0065	2.05496
858.065	21.119	2.20055
849.84	21.2315	2.34613
841.772	21.3441	2.49172
833.856	21.4566	2.6373
826.087	21.5681	2.77754
818.462	21.6653	2.84286
810.976	21.7625	2.90817
803.625	21.8742	2.97565
796.407	22.0436	3.05164
789.318	22.2131	3.12764
782.353	22.3825	3.20363
775.51	22.5519	3.27963
768.786	22.7244	3.35632
762.178	22.8971	3.43308
755.682	23.0701	3.51089
749.296	23.2467	3.60902
743.017	23.4234	3.70715
736.842	23.6	3.80528
730.769	23.7766	3.90341
724.796	23.9807	4.01731
718.919	24.1937	4.13631
713.137	24.4067	4.25532
707.447	24.637	4.43522
701.847	24.8691	4.62143
696.335	25.1012	4.80763
690.909	25.3333	4.99383
685.567	25.6004	5.16577
680.307	25.8901	5.32847
675.127	26.1798	5.49117
670.025	26.5204	5.85035
665	26.8788	6.27807
660.05	27.2372	6.7058
655.172	27.5956	7.13352
650.367	27.9539	7.56125
645.631	28.3123	7.98897
640.964	28.6707	8.41669
636.364	29.0291	8.84442
631.829	29.3875	9.27214
627.358	29.7458	9.69987
622.951	30.1042	10.1276
618.605	30.4503	10.7113
614.319	30.7676	11.6599
610.092	31.0849	12.6086
605.923	31.1666	13.7182
601.81	30.9629	15.0231
597.753	30.7591	16.328
593.75	30.5553	17.6328
589.8	30.2101	18.8771
585.903	29.08	19.7851
582.057	27.9499	20.6931
578.261	26.9179	21.3508
574.514	26.113	21.4284
570.815	25.3082	21.506
567.164	24.5033	21.5836
563.559	23.7027	21.6622
560	23.2759	21.8305
556.485	22.8491	21.9988
553.015	22.4087	22.1877
549.587	21.885	22.5018
546.201	21.3613	22.8159
542.857	20.8376	23.1301
539.554	20.3139	23.4442
536.29	19.5466	23.5612
533.066	18.7402	23.6466
529.88	17.9349	23.7299
526.733	17.2992	23.4861
523.622	16.6636	23.2423
520.548	16.0279	22.9985
517.51	15.3923	22.7548
514.507	14.9532	22.4626
511.538	14.5989	22.1497
508.604	14.2447	21.8367
505.703	13.9884	21.566
502.836	13.7527	21.3041
500	13.5169	21.0423
497.196	13.2811	20.7805
494.424	13.0803	20.5456
491.682	12.9101	20.3344
488.971	12.7398	20.1232
486.289	12.5978	19.937
483.636	12.4692	19.7628
481.013	12.3407	19.5886
478.417	12.2121	19.4143
475.85	12.1004	19.2456
473.31	12.0128	19.0846
470.796	11.9253	18.9237
468.31	11.8543	18.7785
465.849	11.7986	18.6477
463.415	11.7429	18.517
461.005	11.6872	18.3862
458.621	11.6361	18.2643
456.261	11.5989	18.17
453.925	11.5618	18.0756
451.613	11.5381	17.9794
449.324	11.5357	17.8804
447.059	11.5333	17.7814
444.816	11.531	17.6824
442.596	11.5303	17.5867
440.397	11.5467	17.5223
438.221	11.563	17.4579
436.066	11.5835	17.402
433.931	11.6165	17.3717
431.818	11.6494	17.3413
429.725	11.6824	17.311
427.653	11.7153	17.2806
425.6	11.7572	17.2992
423.567	11.7997	17.3217
421.553	11.8426	17.3462
419.558	11.8896	17.3953
417.582	11.9367	17.4445
415.625	11.9837	17.4936
413.686	12.0308	17.5428
411.765	12.0849	17.605
409.861	12.1408	17.6706
407.975	12.1966	17.7361
406.107	12.2056	17.8799
404.255	12.2098	18.0317
402.421	12.2139	18.1836
400.602	12.2181	18.3354
398.801	12.2009	18.4758
397.015	12.1731	18.6105
395.245	12.1453	18.7452
393.491	12.077	18.8997
391.753	11.999	19.059
390.029	11.9209	19.2183
388.321	11.8428	19.3777
386.628	11.7521	19.5235
384.949	11.6494	19.6567
383.285	11.5467	19.7899
381.636	11.4249	19.9201
380	11.2927	20.0488
378.378	11.1604	20.1774
376.771	11.0282	20.3061
375.176	10.8899	20.4271
373.596	10.7394	20.5326
372.028	10.5889	20.6381
370.474	10.4428	20.728
368.932	10.3018	20.8001
367.403	10.1608	20.8722
365.887	10.0197	20.9443
364.384	9.88036	21.0165
362.892	9.74709	21.089
361.413	9.61381	21.1615
359.946	9.48656	21.2299
358.491	9.37268	21.2892
357.047	9.2588	21.3485
355.615	9.14493	21.4078
354.194	9.03111	21.467
352.785	8.93267	21.523
351.387	8.83423	21.5791
350	8.73349	21.6396
348.624	8.61918	21.7264
347.258	8.50487	21.8132
345.904	8.39056	21.9
344.56	8.27626	21.9868
343.226	8.16758	22.0761
341.902	8.05968	22.1656
340.589	7.95176	22.2552
339.286	7.84257	22.3453
337.992	7.73339	22.4355
336.709	7.62421	22.5257
335.435	7.51502	22.6159
334.171	7.39408	22.7277
332.916	7.26891	22.8472
331.671	7.14374	22.9667
330.435	7.01029	23.0953
329.208	6.8755	23.2253
327.99	6.74072	23.3553
326.781	6.60594	23.4853
325.581	6.4789	23.6121
324.39	6.35704	23.737
323.208	6.23517	23.8618
322.034	6.0842	24.0181
320.869	5.92293	24.1855
319.712	5.76166	24.353
318.563	5.6004	24.5204
317.422	5.43639	24.695
316.29	5.26861	24.8795
315.166	5.10083	25.0639
314.05	4.90289	25.2698
312.941	4.68341	25.4909
311.841	4.46394	25.7121
310.748	4.24446	25.9332
309.662	4.01267	26.163
308.585	3.75369	26.4119
307.514	3.49472	26.6608
306.452	3.20676	26.9156
305.396	2.87923	27.1783
304.348	2.55169	27.4411
303.307	2.22416	27.7039
302.273	1.87827	27.9742
301.246	1.40203	28.2983
300.226	0.925785	28.6223
299.213	0.410881	28.9321
298.206	-0.201322	29.2059
297.207	-0.813525	29.4797
296.214	-1.42573	29.7534
295.228	-2.03793	30.0272
294.248	-2.8899	30.2224
293.275	-3.74878	30.4154
292.308	-4.62916	30.5792
291.347	-5.71265	30.4676
290.393	-6.79613	30.3561
289.445	-7.87961	30.2445
288.503	-8.9631	30.1329
287.568	-10.0921	29.5895
286.638	-11.2337	28.9266
285.714	-12.3753	28.2637
284.797	-13.1003	27.1637
283.885	-13.8187	26.0569
282.979	-14.5371	24.9501
282.078	-15.2555	23.8432
281.184	-15.5205	22.726
280.295	-15.5812	21.6041
279.412	-15.6419	20.4821
278.534	-15.4819	19.6039
277.662	-15.252	18.8029
276.795	-15.022	18.0019
275.934	-14.7921	17.2009
275.078	-14.5298	16.5281
274.227	-14.2345	15.9864
273.381	-13.9392	15.4447
272.541	-13.669	15.0117
271.706	-13.4114	14.6332
270.876	-13.1537	14.2548
270.051	-12.8961	13.8763
269.231	-12.6473	13.5239
268.416	-12.4168	13.2244
267.606	-12.1862	12.9249
266.8	-11.9748	12.6574
266	-11.7827	12.4221
265.204	-11.5906	12.1869
264.414	-11.3985	11.9516
263.627	-11.2071	11.7233
262.846	-11.018	11.5199
262.069	-10.829	11.3164
261.297	-10.6563	11.1315
260.529	-10.5089	10.9752
259.766	-10.3615	10.8188
259.007	-10.2142	10.6624
258.252	-10.067	10.5069
257.502	-9.92366	10.3639
256.757	-9.78029	10.2209
256.015	-9.63984	10.0835
255.278	-9.50818	9.96294
254.545	-9.37652	9.84236
253.817	-9.24486	9.72178
253.092	-9.1132	9.60121
252.372	-8.98835	9.49514
251.656	-8.8645	9.39119
250.943	-8.74205	9.28855
250.235	-8.63587	9.20104
249.531	-8.52968	9.11354
248.831	-8.4235	9.02604
248.134	-8.31732	8.93854
247.442	-8.21792	8.86195
246.753	-8.12015	8.78798
246.068	-8.02238	8.71402
245.387	-7.91536	8.64491
244.71	-7.80731	8.57635
244.037	-7.69926	8.50779
243.367	-7.59122	8.43922
242.701	-7.49933	8.38385
242.038	-7.41821	8.33726
241.379	-7.3371	8.29068
240.724	-7.25525	8.24836
240.072	-7.17314	8.20764
239.424	-7.09102	8.16693
238.779	-7.0089	8.12621
238.138	-6.93396	8.09202
237.5	-6.86937	8.06725
236.866	-6.80478	8.04249
236.234	-4.99356	8.43953
235.607	-5.26177	8.34325
234.982	-5.72374	8.2007
234.361	-6.18571	8.05815
233.743	-6.51827	7.94994
233.129	-6.47068	7.94264
232.517	-6.42309	7.93533
231.909	-6.37741	7.92616
231.304	-6.33383	7.91496
230.703	-6.29025	7.90377
230.104	-6.24666	7.89257
229.508	-6.20922	7.88432
228.916	-6.20537	7.89224
228.326	-6.20152	7.90015
227.74	-6.19635	7.90162
227.156	-6.18765	7.88597
226.576	-6.17895	7.87033
225.998	-6.17026	7.85469
225.424	-6.16156	7.83905
224.852	-6.1687	7.82291
224.283	-6.17653	7.80675
223.717	-6.18627	7.79157
223.154	-6.20715	7.78203
222.594	-6.22804	7.77249
222.037	-6.24892	7.76295
221.482	-6.2698	7.75342
220.93	-6.28475	7.72703
220.381	-6.29867	7.6977
219.835	-6.31259	7.66837
219.291	-5.58483	7.2098
218.75	-4.80661	6.72202
218.212	-4.02839	6.23425
217.676	-3.25017	5.74648
217.143	-3.85174	5.99343
216.612	-5.13137	6.60143
216.084	-6.411	7.20944
215.559	-3.64174	7.1003
215.036	-4.56758	7.05284
214.516	-5.49342	7.00537
213.998	-6.41926	6.95791
213.483	-6.78415	6.88411
212.97	-6.79865	6.79387
212.46	-6.81315	6.70363
211.952	-6.81199	6.61193
211.447	-6.80365	6.51956
210.944	-6.79531	6.42719
210.443	-6.78697	6.33482
209.945	-6.77103	6.24235
209.449	-6.73834	6.14963
208.955	-6.70564	6.05691
208.464	-6.36527	6.01718
207.975	-5.69302	6.03459
207.488	-5.02077	6.052
207.004	-4.34852	6.06942
206.522	-3.782	6.07685
206.042	-3.75983	6.03286
205.564	-3.73767	5.98887
205.089	-3.7155	5.94488
204.615	-3.69334	5.9009
204.144	-3.67117	5.85691
203.675	-3.64901	5.81292
203.209	-3.62685	5.76893
202.744	-3.60468	5.72495
202.281	-3.58252	5.68096
201.821	-3.56035	5.63697
201.363	-3.53819	5.59298
200.906	-3.51603	5.549
200.452	-3.49386	5.50501
200	-3.4717	5.46102
