2000	-52.6421	61.8681
1955.88	-51.0015	60.2802
1913.67	-49.3609	58.6922
1873.24	-47.6773	57.3258
1834.48	-45.986	55.9993
1797.3	-44.2946	54.6728
1761.59	-42.7279	53.4074
1727.27	-41.4958	52.3058
1694.27	-40.2637	51.2042
1662.5	-39.0317	50.1026
1631.9	-37.9624	49.0545
1602.41	-36.9644	48.0298
1573.96	-35.9664	47.0051
1546.51	-34.9741	45.985
1520	-34.023	44.9984
1494.38	-33.0719	44.0118
1469.61	-32.1209	43.0253
1445.65	-31.2328	42.1262
1422.46	-30.3975	41.3004
1400	-29.5622	40.4747
1378.24	-28.727	39.649
1357.14	-27.9932	38.9656
1336.68	-27.2628	38.2869
1316.83	-26.5323	37.6082
1297.56	-25.8137	36.9689
1278.85	-25.1133	36.3909
1260.66	-24.4129	35.8129
1242.99	-23.7126	35.2349
1225.81	-23.1635	34.7366
1209.09	-22.6486	34.2562
1192.83	-22.1336	33.7759
1176.99	-21.6335	33.3132
1161.57	-21.1808	32.9067
1146.55	-20.7281	32.5001
1131.91	-20.2753	32.0935
1117.65	-19.9127	31.6857
1103.73	-19.5955	31.2773
1090.16	-19.2784	30.8688
1076.92	-18.962	30.4612
1064	-18.6539	30.0622
1051.38	-18.3457	29.6632
1039.06	-18.0375	29.2642
1027.03	-17.7401	28.8923
1015.27	-17.4531	28.5461
1003.77	-17.166	28.1999
992.537	-16.8789	27.8537
981.55	-16.6392	27.5033
970.803	-16.4026	27.1527
960.289	-16.166	26.802
950	-15.9262	26.4638
939.929	-15.6806	26.1476
930.07	-15.435	25.8314
920.415	-15.1895	25.5152
910.959	-14.9781	25.2479
901.695	-14.7761	24.9938
892.617	-14.5741	24.7398
883.721	-14.3898	24.4821
875	-14.2723	24.2109
866.45	-14.1549	23.9396
858.065	-14.0374	23.6683
849.84	-13.921	23.4005
841.772	-13.8051	23.1346
833.856	-13.6892	22.8687
826.087	-13.5712	22.6037
818.462	-13.4185	22.3539
810.976	-13.2658	22.104
803.625	-13.1131	21.8542
796.407	-12.9851	21.6199
789.318	-12.8836	21.4023
782.353	-12.7822	21.1846
775.51	-12.6807	20.967
768.786	-12.626	20.7219
762.178	-12.5761	20.474
755.682	-12.5263	20.226
749.296	-12.4727	19.9677
743.017	-12.4115	19.6882
736.842	-12.3502	19.4088
730.769	-12.289	19.1294
724.796	-12.1833	18.8534
718.919	-12.063	18.5785
713.137	-11.9428	18.3036
707.447	-11.8228	18.0299
701.847	-11.7044	17.7621
696.335	-11.5859	17.4942
690.909	-11.4674	17.2264
685.567	-11.3431	16.9759
680.307	-11.2148	16.737
675.127	-11.0865	16.4981
670.025	-10.9583	16.2593
665	-10.8325	16.0264
660.05	-10.7068	15.7935
655.172	-10.581	15.5606
650.367	-10.4559	15.3543
645.631	-10.3315	15.1802
640.964	-10.2071	15.0062
636.364	-10.0827	14.8321
631.829	-9.95224	14.6338
627.358	-9.82092	14.4321
622.951	-9.68959	14.2303
618.605	-9.5595	14.0382
614.319	-9.4323	13.8686
610.092	-9.3051	13.699
605.923	-9.1779	13.5294
601.81	-9.0507	13.3598
597.753	-8.9235	13.1901
593.75	-8.7963	13.0205
589.8	-8.67056	12.8576
585.903	-8.55324	12.7335
582.057	-8.43593	12.6093
578.261	-8.31862	12.4852
574.514	-8.20131	12.361
570.815	-8.08399	12.2368
567.164	-7.96668	12.1127
563.559	-7.84937	11.9885
560	-7.74649	11.8734
556.485	-7.64367	11.7583
553.015	-7.54085	11.6432
549.587	-7.43804	11.5281
546.201	-7.33522	11.413
542.857	-7.2324	11.298
539.554	-7.12958	11.1829
536.29	-7.03399	11.0824
533.066	-6.93974	10.9845
529.88	-6.84549	10.8867
526.733	-6.75123	10.7888
523.622	-6.65698	10.691
520.548	-6.56272	10.5931
517.51	-6.46847	10.4953
514.507	-6.37718	10.3994
511.538	-6.2872	10.3045
508.604	-6.19722	10.2096
505.703	-6.10724	10.1146
502.836	-6.01726	10.0197
500	-5.92728	9.92472
497.196	-5.8373	9.82977
494.424	-5.74641	9.75163
491.682	-5.65475	9.68773
488.971	-5.5631	9.62383
486.289	-5.47144	9.55993
483.636	-5.37979	9.49602
481.013	-5.28813	9.43212
478.417	-5.19647	9.36822
475.85	-5.11404	9.30523
473.31	-5.04609	9.24365
470.796	-4.97813	9.18207
468.31	-4.91018	9.12049
465.849	-4.84222	9.05891
463.415	-4.77427	8.99733
461.005	-4.70631	8.93575
458.621	-4.63899	8.87443
456.261	-4.57372	8.81397
453.925	-4.50845	8.75351
451.613	-4.44317	8.69305
449.324	-4.3779	8.63258
447.059	-4.31263	8.57212
444.816	-4.24735	8.51166
442.596	-4.18214	8.45289
440.397	-4.11759	8.41212
438.221	-4.05303	8.37134
436.066	-3.98847	8.33057
433.931	-3.92392	8.2898
431.818	-3.85936	8.24903
429.725	-3.79481	8.20826
427.653	-3.73025	8.16748
425.6	-3.67839	8.12457
423.567	-3.62742	8.0815
421.553	-3.57645	8.03843
419.558	-3.52548	7.99536
417.582	-3.47451	7.95229
415.625	-3.42354	7.90922
413.686	-3.37257	7.86616
411.765	-3.31947	7.82861
409.861	-3.26578	7.79259
407.975	-3.21209	7.75657
406.107	-3.1584	7.72056
404.255	-3.10471	7.68454
402.421	-3.05102	7.64852
400.602	-2.99733	7.6125
398.801	-2.95284	7.58216
397.015	-2.91374	7.55515
395.245	-2.87465	7.52813
393.491	-2.83555	7.50111
391.753	-2.79645	7.4741
390.029	-2.75735	7.44708
388.321	-2.71825	7.42006
386.628	-2.67664	7.39089
384.949	-2.6323	7.35937
383.285	-2.58796	7.32786
381.636	-2.54363	7.29634
380	-2.49929	7.26482
378.378	-2.45495	7.23331
376.771	-2.41061	7.20179
375.176	-2.36723	7.17374
373.596	-2.3258	7.15279
372.028	-2.28437	7.13185
370.474	-2.24294	7.1109
368.932	-2.20151	7.08996
367.403	-2.16008	7.06901
365.887	-2.11865	7.04806
364.384	-2.07739	7.02706
362.892	-2.03693	7.00578
361.413	-1.99648	6.98449
359.946	-1.95603	6.96321
358.491	-1.91557	6.94193
357.047	-1.87512	6.92065
355.615	-1.83466	6.89936
354.194	-1.79452	6.8783
352.785	-1.76657	6.86585
351.387	-1.73862	6.85341
350	-1.71066	6.84096
348.624	-1.68271	6.82852
347.258	-1.65476	6.81607
345.904	-1.62681	6.80363
344.56	-1.59886	6.79119
343.226	-1.5623	6.77945
341.902	-1.52448	6.76782
340.589	-1.48665	6.75618
339.286	-1.44883	6.74455
337.992	-1.41101	6.73292
336.709	-1.37319	6.72128
335.435	-1.33536	6.70965
334.171	-1.30255	6.7084
332.916	-1.27168	6.71116
331.671	-1.2408	6.71393
330.435	-1.20993	6.7167
329.208	-1.17906	6.71947
327.99	-1.14818	6.72224
326.781	-1.11731	6.72501
325.581	-1.0927	6.73296
324.39	-1.07285	6.74485
323.208	-1.05299	6.75673
322.034	-1.03314	6.76862
320.869	-1.01328	6.7805
319.712	-0.99343	6.79239
318.563	-0.973575	6.80427
317.422	-0.959988	6.81351
316.29	-0.955164	6.81905
315.166	-0.95034	6.82458
314.05	-0.945515	6.83012
312.941	-0.940691	6.83566
311.841	-0.935867	6.8412
310.748	-0.931043	6.84673
309.662	-0.927686	6.85356
308.585	-0.928385	6.86397
307.514	-0.929084	6.87437
306.452	-0.929783	6.88477
305.396	-0.930482	6.89518
304.348	-0.931181	6.90558
303.307	-0.93188	6.91598
302.273	-0.933772	6.92631
301.246	-0.944958	6.93604
300.226	-0.956144	6.94577
299.213	-0.96733	6.9555
298.206	-0.978516	6.96523
297.207	-0.989701	6.97497
296.214	-1.00089	6.9847
295.228	-1.01207	6.99443
294.248	-1.02804	6.9987
293.275	-1.04419	7.00276
292.308	-1.06034	7.00681
291.347	-1.07649	7.01087
290.393	-1.09264	7.01492
289.445	-1.1088	7.01898
288.503	-1.12495	7.02303
287.568	-1.14972	7.02623
286.638	-1.17649	7.02922
285.714	-1.20327	7.03221
284.797	-1.23005	7.0352
283.885	-1.25682	7.0382
282.979	-1.2836	7.04119
282.078	-1.31038	7.04418
281.184	-1.33577	7.03309
280.295	-1.36045	7.01472
279.412	-1.38512	6.99634
278.534	-1.4098	6.97797
277.662	-1.43448	6.9596
276.795	-1.45916	6.94123
275.934	-1.48384	6.92286
275.078	-1.51126	6.90668
274.227	-1.54135	6.89264
273.381	-1.57145	6.8786
272.541	-1.60154	6.86456
271.706	-1.63163	6.85052
270.876	-1.66172	6.83648
270.051	-1.69182	6.82244
269.231	-1.71969	6.80666
268.416	-1.74356	6.78773
267.606	-1.76743	6.7688
266.8	-1.79129	6.74987
266	-1.81516	6.73094
265.204	-1.83903	6.71201
264.414	-1.86289	6.69308
263.627	-1.88843	6.6717
262.846	-1.92049	6.64074
262.069	-1.95256	6.60978
261.297	-1.98462	6.57882
260.529	-2.01669	6.54785
259.766	-2.04876	6.51689
259.007	-2.08082	6.48593
258.252	-2.11252	6.45474
257.502	-2.13769	6.41934
256.757	-2.16285	6.38394
256.015	-2.18802	6.34854
255.278	-2.21319	6.31314
254.545	-2.23835	6.27774
253.817	-2.26352	6.24234
253.092	-2.28868	6.20694
252.372	-2.31118	6.1627
251.656	-2.33339	6.11748
250.943	-2.3556	6.07226
250.235	-2.3778	6.02703
249.531	-2.40001	5.98181
248.831	-2.42221	5.93658
248.134	-2.44442	5.89136
247.442	-2.45691	5.84086
246.753	-2.46614	5.7886
246.068	-2.47537	5.73633
245.387	-2.4846	5.68406
244.71	-2.49382	5.6318
244.037	-2.50305	5.57953
243.367	-2.51228	5.52726
242.701	-2.51873	5.4791
242.038	-2.5233	5.43371
241.379	-2.52787	5.38833
240.724	-2.53245	5.34294
240.072	-2.53702	5.29755
239.424	-2.54159	5.25217
238.779	-2.54616	5.20678
238.138	-2.54542	5.15882
237.5	-2.53805	5.10767
236.866	-2.53068	5.05651
236.234	-2.52331	5.00536
235.607	-2.51594	4.9542
234.982	-2.50857	4.90305
234.361	-2.5012	4.85189
233.743	-2.49279	4.80283
233.129	-2.48188	4.75879
232.517	-2.47098	4.71474
231.909	-2.46007	4.6707
231.304	-2.44916	4.62665
230.703	-2.43826	4.5826
230.104	-2.42735	4.53856
229.508	-2.41525	4.49502
228.916	-2.39595	4.45453
228.326	-2.37666	4.41405
227.74	-2.35737	4.37356
227.156	-2.33807	4.33307
226.576	-2.31878	4.29258
225.998	-2.29949	4.25209
225.424	-2.28019	4.2116
224.852	-2.2635	4.18049
224.283	-2.24683	4.14948
223.717	-2.23016	4.11846
223.154	-2.21349	4.08745
222.594	-2.19682	4.05643
222.037	-2.18015	4.02541
221.482	-2.16349	3.9944
220.93	-2.14719	3.96409
220.381	-2.13097	3.93391
219.835	-2.11475	3.90374
219.291	-2.09853	3.87356
218.75	-2.08231	3.84338
218.212	-2.06609	3.81321
217.676	-2.04987	3.78303
217.143	-2.03197	3.75676
216.612	-2.0133	3.73226
216.084	-1.99463	3.70776
215.559	-1.97597	3.68326
215.036	-1.9573	3.65877
214.516	-1.93863	3.63427
213.998	-1.91996	3.60977
213.483	-1.8991	3.58404
212.97	-1.87633	3.55725
212.46	-1.85357	3.53046
211.952	-1.83081	3.50367
211.447	-1.80804	3.47688
210.944	-1.78528	3.45008
210.443	-1.76251	3.42329
209.945	-1.74175	3.40095
209.449	-1.72418	3.38571
208.955	-1.70661	3.37048
208.464	-1.68905	3.35525
207.975	-1.67148	3.34002
207.488	-1.65391	3.32479
207.004	-1.63635	3.30956
206.522	-1.61878	3.29432
206.042	-1.60121	3.27909
205.564	-1.58365	3.26386
205.089	-1.56608	3.24863
204.615	-1.54851	3.2334
204.144	-1.53095	3.21817
203.675	-1.51338	3.20293
203.209	-1.49581	3.1877
202.744	-1.47825	3.17247
202.281	-1.46068	3.15724
201.821	-1.44311	3.14201
201.363	-1.42555	3.12678
200.906	-1.40798	3.11154
200.452	-1.39041	3.09631
200	-1.37285	3.08108
