2000	11.8956	0
1955.88	11.9079	0
1913.67	11.9203	0
1873.24	11.9326	0
1834.48	11.945	0
1797.3	11.9575	0
1761.59	11.9726	0
1727.27	11.9878	0
1694.27	12.0028	0
1662.5	12.0174	0
1631.9	12.032	0
1602.41	12.0466	0
1573.96	12.067	0
1546.51	12.0879	0
1520	12.1046	0
1494.38	12.1164	0
1469.61	12.1281	0
1445.65	12.1399	0
1422.46	12.1516	0
1400	12.1634	0
1378.24	12.2342	0
1357.14	12.2649	0
1336.68	12.279	0
1316.83	12.2931	0
1297.56	12.3072	0
1278.85	12.3213	0
1260.66	12.3354	0
1242.99	12.3494	0
1225.81	12.3635	0
1209.09	12.3776	0
1192.83	12.3943	0
1176.99	12.4142	0
1161.57	12.4341	0
1146.55	12.4539	0
1131.91	12.4909	6.95814e-005
1117.65	12.5215	0.000152736
1103.73	12.5471	0.000235407
1090.16	12.5727	0.000318079
1076.92	12.5983	0.000421056
1064	12.6255	0.000750609
1051.38	12.6527	0.00108016
1039.06	12.6799	0.00140972
1027.03	12.7081	0.00194319
1015.27	12.7372	0.00268126
1003.77	12.7663	0.00341932
992.537	12.7954	0.00415739
981.55	12.826	0.00519377
970.803	12.8566	0.00624832
960.289	12.8872	0.00730287
950	12.9185	0.00844725
939.929	12.951	0.00974987
930.07	12.9834	0.0110525
920.415	13.0159	0.0123551
910.959	13.0494	0.0137947
901.695	13.0831	0.0152711
892.617	13.1169	0.0167474
883.721	13.1511	0.0182708
875	13.1867	0.0199679
866.45	13.2223	0.0216651
858.065	13.258	0.0233623
849.84	13.3102	0.0262607
841.772	13.3718	0.0298297
833.856	13.4334	0.0333987
826.087	13.4936	0.0370759
818.462	13.5347	0.0422678
810.976	13.5725	0.0442092
803.625	13.6107	0.0453182
796.407	13.6573	0.0505746
789.318	13.6997	0.0518184
782.353	13.7428	0.0536619
775.51	13.7895	0.0589481
768.786	13.8267	0.059495
762.178	13.8631	0.0620563
755.682	13.9	0.067109
749.296	13.9418	0.0672097
743.017	13.9868	0.0705642
736.842	14.0318	0.0749184
730.769	14.0685	0.0750161
724.796	14.113	0.079099
718.919	14.157	0.082777
713.137	14.1942	0.0828858
707.447	14.2455	0.0878225
701.847	14.2955	0.0932357
696.335	14.3426	0.098467
690.909	14.3906	0.0986314
685.567	14.4384	0.0987949
680.307	14.487	0.0998731
675.127	14.5402	0.105393
670.025	14.5979	0.110972
665	14.6569	0.116569
660.05	14.7157	0.122158
655.172	14.7703	0.122984
650.367	14.8268	0.125735
645.631	14.8862	0.131375
640.964	14.9506	0.137036
636.364	15.0155	0.14275
631.829	15.0798	0.150355
627.358	15.1394	0.166952
622.951	15.207	0.171586
618.605	15.2761	0.175277
614.319	15.3421	0.186674
610.092	15.4129	0.193289
605.923	15.482	0.19674
601.81	15.5482	0.197403
597.753	15.6198	0.208897
593.75	15.6914	0.223674
589.8	15.7639	0.238229
585.903	15.8413	0.238813
582.057	15.92	0.227278
578.261	16.0004	0.221048
574.514	16.0837	0.238331
570.815	16.1625	0.260504
567.164	16.2462	0.269255
563.559	16.3377	0.25908
560	16.422	0.293637
556.485	16.5101	0.289231
553.015	16.601	0.270417
549.587	16.6917	0.339721
546.201	16.7873	0.360576
542.857	16.8851	0.368197
539.554	16.9832	0.392453
536.29	17.0807	0.381983
533.066	17.1841	0.368202
529.88	17.2961	0.35804
526.733	17.4001	0.417412
523.622	17.5069	0.453449
520.548	17.6162	0.472865
517.51	17.7287	0.498166
514.507	17.8445	0.506963
511.538	17.9619	0.527024
508.604	18.0795	0.600081
505.703	18.2097	0.584666
502.836	18.3389	0.582337
500	18.4631	0.62596
497.196	18.5953	0.629673
494.424	18.7319	0.645071
491.682	18.8726	0.670535
488.971	19.0176	0.685232
486.289	19.1639	0.70846
483.636	19.3129	0.746962
481.013	19.4677	0.818833
478.417	19.6281	0.812185
475.85	19.7818	0.876418
473.31	19.9246	1.06371
470.796	20.1038	1.07648
468.31	20.2786	1.12763
465.849	20.4506	1.21054
463.415	20.6466	1.19734
461.005	20.8408	1.19228
458.621	21.0368	1.19455
456.261	21.241	1.20674
453.925	21.4539	1.22456
451.613	21.6698	1.27885
449.324	21.8871	1.38921
447.059	22.1248	1.4024
444.816	22.3578	1.45882
442.596	22.588	1.55468
440.397	22.8433	1.61097
438.221	23.1052	1.70431
436.066	23.3725	1.79007
433.931	23.6464	1.80052
431.818	23.941	1.86119
429.725	24.2427	1.93483
427.653	24.5477	2.00869
425.6	24.8809	2.07929
423.567	25.2179	2.18213
421.553	25.558	2.31618
419.558	25.9216	2.44906
417.582	26.3047	2.55905
415.625	26.7023	2.6633
413.686	27.1144	2.78507
411.765	27.5463	2.95476
409.861	27.9955	3.13958
407.975	28.4695	3.33061
406.107	29.004	3.49005
404.255	29.5395	3.6826
402.421	30.0732	3.91301
400.602	30.6746	4.21164
398.801	31.2978	4.49181
397.015	31.9465	4.786
395.245	32.648	5.16434
393.491	33.3972	5.6105
391.753	34.1807	6.09972
390.029	35.002	6.63341
388.321	35.9088	7.30678
386.628	36.835	8.0529
384.949	37.7769	8.86421
383.285	38.8485	9.92114
381.636	39.8939	11.1344
380	40.9163	12.5088
378.378	41.8995	14.2178
376.771	42.7368	16.2674
375.176	43.3729	18.5668
373.596	43.6905	21.1623
372.028	43.3618	24.0085
370.474	42.5918	26.841
368.932	41.3936	29.6004
367.403	39.5165	31.9906
365.887	37.2208	33.9835
364.384	34.6635	35.4902
362.892	32.1587	36.1576
361.413	29.7927	36.3116
359.946	27.6409	36.1418
358.491	25.8539	35.6628
357.047	24.4107	35.0635
355.615	23.2723	34.4269
354.194	22.4092	33.7703
352.785	21.708	33.2904
351.387	21.1155	32.8685
350	20.6146	32.4949
348.624	20.1954	32.1615
347.258	19.8347	31.9372
345.904	19.4918	31.7751
344.56	19.1485	31.6813
343.226	18.8427	31.6059
341.902	18.5606	31.5424
340.589	18.3012	31.4903
339.286	18.0539	31.448
337.992	17.7999	31.456
336.709	17.5424	31.4953
335.435	17.288	31.5423
334.171	17.041	31.5911
332.916	16.804	31.644
331.671	16.5836	31.7046
330.435	16.3223	31.8203
329.208	16.079	31.9244
327.99	15.8718	31.9989
326.781	15.6362	32.1521
325.581	15.4056	32.3063
324.39	15.18	32.4615
323.208	14.9612	32.6182
322.034	14.7152	32.8274
320.869	14.4784	33.0385
319.712	14.2891	33.2079
318.563	14.0693	33.4542
317.422	13.8456	33.7185
316.29	13.6262	33.9837
315.166	13.4137	34.2506
314.05	13.1977	34.5554
312.941	12.9736	34.8903
311.841	12.7162	35.2437
310.748	12.4347	35.6478
309.662	12.1483	36.0821
308.585	11.8748	36.5321
307.514	11.5415	37.0363
306.452	11.1732	37.5716
305.396	10.7739	38.1342
304.348	10.3145	38.7492
303.307	9.82176	39.3823
302.273	9.28829	40.0344
301.246	8.64299	40.7246
300.226	7.89223	41.4738
299.213	7.06105	42.2451
298.206	6.16311	42.996
297.207	5.05361	43.7844
296.214	3.80128	44.5681
295.228	2.41115	45.3295
294.248	0.715489	45.9569
293.275	-1.13915	46.4355
292.308	-3.14143	46.7519
291.347	-5.3334	46.6991
290.393	-7.67865	46.2605
289.445	-9.9915	45.4726
288.503	-11.9798	44.3345
287.568	-13.7361	42.8405
286.638	-15.2025	41.2121
285.714	-16.316	39.5277
284.797	-17.1084	37.9679
283.885	-17.7531	36.4914
282.979	-18.2729	35.0887
282.078	-18.6933	33.7594
281.184	-19.0432	32.4964
280.295	-19.3384	31.2715
279.412	-19.5574	30.0743
278.534	-19.7222	28.859
277.662	-19.8333	27.6541
276.795	-19.8865	26.4753
275.934	-19.8419	25.4371
275.078	-19.7561	24.3958
274.227	-19.6213	23.3564
273.381	-19.4132	22.3701
272.541	-19.1529	21.4425
271.706	-18.8563	20.5706
270.876	-18.5263	19.7851
270.051	-18.1729	19.0683
269.231	-17.7908	18.3777
268.416	-17.3631	17.7029
267.606	-16.9829	17.1602
266.8	-16.591	16.6419
266	-16.1927	16.1582
265.204	-15.8397	15.7606
264.414	-15.4771	15.3806
263.627	-15.1154	15.0203
262.846	-14.7785	14.6907
262.069	-14.466	14.3916
261.297	-14.1614	14.1098
260.529	-13.8602	13.8438
259.766	-13.583	13.6031
259.007	-13.3194	13.3832
258.252	-13.0682	13.182
257.502	-12.8273	12.9865
256.757	-12.5842	12.7896
256.015	-12.3487	12.6024
255.278	-12.14	12.4476
254.545	-11.913	12.2857
253.817	-11.7025	12.1312
253.092	-11.527	11.9921
252.372	-11.3295	11.8663
251.656	-11.1342	11.7418
250.943	-10.9449	11.6181
250.235	-10.7575	11.5124
249.531	-10.5874	11.41
248.831	-10.4277	11.3101
248.134	-10.2741	11.2129
247.442	-10.1195	11.1342
246.753	-9.9709	11.0624
246.068	-9.8332	10.9953
245.387	-9.7022	10.941
244.71	-9.56891	10.8868
244.037	-9.43476	10.8322
243.367	-9.33136	10.7906
242.701	-9.22365	10.7507
242.038	-9.11627	10.7185
241.379	-9.01872	10.7059
240.724	-8.94064	10.6915
240.072	-8.86934	10.6781
239.424	-8.79705	10.6678
238.779	-8.751	10.6622
238.138	-8.708	10.6584
237.5	-8.66794	10.6568
236.866	-8.65605	10.6454
236.234	-8.65234	10.6379
235.607	-8.65726	10.6311
234.982	-8.67755	10.6123
234.361	-8.71554	10.598
233.743	-8.7639	10.5748
233.129	-8.82112	10.5198
232.517	-8.88611	10.4511
231.909	-8.95065	10.3712
231.304	-9.01429	10.2798
230.703	-9.06898	10.1585
230.104	-9.12199	10.0232
229.508	-9.1694	9.88043
228.916	-9.19069	9.73583
228.326	-9.20673	9.59174
227.74	-9.21121	9.44218
227.156	-9.18844	9.27776
226.576	-9.16953	9.11729
225.998	-9.14296	8.9769
225.424	-9.10901	8.85443
224.852	-9.0692	8.7238
224.283	-9.02556	8.59545
223.717	-8.97619	8.46909
223.154	-8.90987	8.34212
222.594	-8.85523	8.23612
222.037	-8.80015	8.13203
221.482	-8.73334	8.01338
220.93	-8.68089	7.92748
220.381	-8.62315	7.84266
219.835	-8.5537	7.75088
219.291	-8.4815	7.66096
218.75	-8.43163	7.56964
218.212	-8.38831	7.47632
217.676	-8.31598	7.37704
217.143	-8.26649	7.3165
216.612	-8.22464	7.26503
216.084	-8.17626	7.19539
215.559	-8.13126	7.13038
215.036	-8.09717	7.05732
214.516	-8.07315	6.9755
213.998	-8.01222	6.9207
213.483	-7.95282	6.84859
212.97	-7.89686	6.76646
212.46	-7.86908	6.70622
211.952	-7.83816	6.6554
211.447	-7.79876	6.59609
210.944	-7.74326	6.50743
210.443	-7.7276	6.4765
209.945	-7.70064	6.43287
209.449	-7.64041	6.34909
208.955	-7.54254	6.2906
208.464	-7.51768	6.22708
207.975	-7.57041	6.15557
207.488	-7.51961	6.09163
207.004	-7.74075	6.36411
206.522	-7.44193	5.8736
206.042	-7.4404	5.85775
205.564	-7.43888	5.8419
205.089	-7.43735	5.82605
204.615	-7.43582	5.8102
204.144	-7.43429	5.79435
203.675	-7.43276	5.7785
203.209	-7.43124	5.76265
202.744	-7.42971	5.7468
202.281	-7.42818	5.73096
201.821	-7.42665	5.71511
201.363	-7.42512	5.69926
200.906	-7.4236	5.68341
200.452	-7.42207	5.66756
200	-7.42054	5.65171
