2000	-54.9467	19.2513
1955.88	-50.8983	19.3689
1913.67	-47.0598	19.5157
1873.24	-43.4436	19.657
1834.48	-40.2453	19.6193
1797.3	-37.2099	19.5518
1761.59	-34.2551	19.5428
1727.27	-31.331	19.725
1694.27	-28.6639	20.0182
1662.5	-26.1936	20.3643
1631.9	-23.9358	20.7562
1602.41	-21.9149	21.2082
1573.96	-20.0795	21.4589
1546.51	-18.3502	21.5529
1520	-16.3147	21.7103
1494.38	-13.9453	22.0701
1469.61	-11.753	23.3876
1445.65	-10.6515	25.2162
1422.46	-10.266	26.4389
1400	-10.1803	27.1444
1378.24	-10.0458	27.6023
1357.14	-9.97476	27.8396
1336.68	-9.85246	27.9321
1316.83	-9.6891	27.8995
1297.56	-9.5655	27.8114
1278.85	-9.31802	27.6339
1260.66	-9.03807	27.4096
1242.99	-8.83929	27.173
1225.81	-8.59303	26.8858
1209.09	-8.33609	26.5872
1192.83	-8.07916	26.2886
1176.99	-7.82584	25.9665
1161.57	-7.58396	25.57
1146.55	-7.34209	25.1735
1131.91	-7.10021	24.777
1117.65	-6.74573	24.3632
1103.73	-6.33443	23.9406
1090.16	-5.92314	23.5181
1076.92	-5.51613	23.101
1064	-5.15288	22.7393
1051.38	-4.78963	22.3777
1039.06	-4.42639	22.016
1027.03	-3.95391	21.6734
1015.27	-3.37786	21.3487
1003.77	-2.80182	21.024
992.537	-2.22578	20.6994
981.55	-1.81576	20.5581
970.803	-1.41686	20.429
960.289	-1.01797	20.3
950	-0.603722	20.16
939.929	-0.162345	20.0008
930.07	0.279032	19.8415
920.415	0.720409	19.6822
910.959	1.0891	19.6104
901.695	1.43794	19.5625
892.617	1.78678	19.5146
883.721	2.13515	19.4644
875	2.48175	19.4055
866.45	2.82836	19.3465
858.065	3.17496	19.2876
849.84	3.48346	19.293
841.772	3.76994	19.3356
833.856	4.05641	19.3782
826.087	4.34079	19.4187
818.462	4.59091	19.4241
810.976	4.84104	19.4294
803.625	5.09117	19.4348
796.407	5.3644	19.4691
789.318	5.66245	19.5344
782.353	5.96051	19.5998
775.51	6.25856	19.6651
768.786	6.43945	19.8973
762.178	6.60823	20.1467
755.682	6.777	20.3962
749.296	6.90175	20.6359
743.017	6.93733	20.8561
736.842	6.9729	21.0762
730.769	7.00847	21.2964
724.796	6.93822	21.4921
718.919	6.83354	21.6799
713.137	6.72887	21.8677
707.447	6.61698	22.0325
701.847	6.47195	22.0914
696.335	6.32692	22.1502
690.909	6.18189	22.209
685.567	6.00809	22.2242
680.307	5.81536	22.2107
675.127	5.62263	22.1972
670.025	5.43216	22.1808
665	5.32346	22.0611
660.05	5.21476	21.9414
655.172	5.10606	21.8217
650.367	5.01482	21.7005
645.631	4.94482	21.5774
640.964	4.87482	21.4544
636.364	4.80482	21.3313
631.829	4.75003	21.1916
627.358	4.6974	21.0496
622.951	4.64477	20.9075
618.605	4.60433	20.7755
614.319	4.59242	20.6671
610.092	4.5805	20.5587
605.923	4.56859	20.4503
601.81	4.5452	20.357
597.753	4.51743	20.2694
593.75	4.48966	20.1818
589.8	4.46426	20.0914
585.903	4.45252	19.9849
582.057	4.44077	19.8784
578.261	4.42903	19.7718
574.514	4.45496	19.6412
570.815	4.5091	19.4927
567.164	4.56324	19.3441
563.559	4.61738	19.1956
560	4.6676	19.1713
556.485	4.7178	19.1476
553.015	4.768	19.1238
549.587	4.80351	19.1018
546.201	4.81875	19.0822
542.857	4.83399	19.0626
539.554	4.84923	19.043
536.29	4.81863	19.0143
533.066	4.77959	18.9839
529.88	4.74055	18.9534
526.733	4.69638	18.9189
523.622	4.63824	18.8733
520.548	4.5801	18.8277
517.51	4.52197	18.782
514.507	4.4747	18.7231
511.538	4.43224	18.6584
508.604	4.38979	18.5936
505.703	4.34869	18.5227
502.836	4.31785	18.4053
500	4.287	18.288
497.196	4.25616	18.1707
494.424	4.24365	18.0519
491.682	4.2467	17.932
488.971	4.24975	17.8121
486.289	4.25279	17.6922
483.636	4.26324	17.6377
481.013	4.27395	17.5856
478.417	4.28466	17.5334
475.85	4.29371	17.4685
473.31	4.30018	17.3835
470.796	4.30664	17.2985
468.31	4.3131	17.2135
465.849	4.34599	17.1256
463.415	4.38495	17.037
461.005	4.4239	16.9485
458.621	4.46035	16.8722
456.261	4.48876	16.8352
453.925	4.51718	16.7982
451.613	4.54559	16.7611
449.324	4.58013	16.6904
447.059	4.6178	16.6024
444.816	4.65547	16.5144
442.596	4.69388	16.432
440.397	4.74011	16.4089
438.221	4.78634	16.3858
436.066	4.83256	16.3627
433.931	4.8787	16.3395
431.818	4.92476	16.3162
429.725	4.97081	16.2929
427.653	5.01687	16.2695
425.6	5.06277	16.246
423.567	5.10866	16.2225
421.553	5.15455	16.1989
419.558	5.20225	16.1868
417.582	5.25318	16.1953
415.625	5.30411	16.2037
413.686	5.35504	16.2122
411.765	5.39552	16.2352
409.861	5.43311	16.2623
407.975	5.47069	16.2893
406.107	5.51111	16.3125
404.255	5.56243	16.3206
402.421	5.61374	16.3287
400.602	5.66505	16.3368
398.801	5.69091	16.3809
397.015	5.70188	16.446
395.245	5.71284	16.5111
393.491	5.7238	16.5762
391.753	5.73477	16.6418
390.029	5.74573	16.7073
388.321	5.75669	16.7729
386.628	5.75435	16.8571
384.949	5.73758	16.9617
383.285	5.7208	17.0663
381.636	5.70402	17.1709
380	5.626	17.2856
378.378	5.54143	17.4014
376.771	5.45687	17.5171
375.176	5.36381	17.6171
373.596	5.25331	17.6845
372.028	5.14281	17.7519
370.474	5.03231	17.8193
368.932	4.88118	17.8778
367.403	4.71664	17.9334
365.887	4.55211	17.989
364.384	4.38287	18.0295
362.892	4.19157	17.9997
361.413	4.00027	17.9698
359.946	3.80896	17.94
358.491	3.64436	17.8555
357.047	3.49758	17.7347
355.615	3.3508	17.6139
354.194	3.20534	17.4934
352.785	3.1127	17.385
351.387	3.02007	17.2766
350	2.92744	17.1682
348.624	2.8502	17.059
347.258	2.79194	16.9488
345.904	2.73368	16.8385
344.56	2.67543	16.7283
343.226	2.63326	16.6319
341.902	2.59344	16.5376
340.589	2.55362	16.4433
339.286	2.51835	16.3443
337.992	2.49388	16.2338
336.709	2.46941	16.1233
335.435	2.44493	16.0129
334.171	2.42244	15.926
332.916	2.40071	15.8482
331.671	2.37899	15.7705
330.435	2.36146	15.688
329.208	2.36876	15.5775
327.99	2.37605	15.467
326.781	2.38335	15.3564
325.581	2.4013	15.2722
324.39	2.42731	15.2079
323.208	2.45332	15.1436
322.034	2.47932	15.0792
320.869	2.48842	15.0014
319.712	2.49739	14.9234
318.563	2.50637	14.8455
317.422	2.52784	14.7666
316.29	2.5668	14.6867
315.166	2.60576	14.6067
314.05	2.64471	14.5267
312.941	2.68541	14.4724
311.841	2.72644	14.4229
310.748	2.76747	14.3734
309.662	2.8127	14.3274
308.585	2.86952	14.2911
307.514	2.92635	14.2549
306.452	2.98317	14.2186
305.396	3.03999	14.1824
304.348	3.09682	14.1462
303.307	3.15364	14.1099
302.273	3.2108	14.077
301.246	3.27053	14.0698
300.226	3.33026	14.0627
299.213	3.38999	14.0555
298.206	3.44972	14.0484
297.207	3.50946	14.0412
296.214	3.56919	14.034
295.228	3.62892	14.0269
294.248	3.69275	14.0477
293.275	3.75674	14.0696
292.308	3.82074	14.0915
291.347	3.88473	14.1135
290.393	3.94872	14.1354
289.445	4.01272	14.1573
288.503	4.07671	14.1793
287.568	4.12574	14.2219
286.638	4.17128	14.2694
285.714	4.21682	14.317
284.797	4.26236	14.3645
283.885	4.3079	14.412
282.979	4.35344	14.4595
282.078	4.39898	14.507
281.184	4.43654	14.5665
280.295	4.46997	14.6322
279.412	4.5034	14.6979
278.534	4.53683	14.7636
277.662	4.57026	14.8292
276.795	4.60369	14.8949
275.934	4.63712	14.9606
275.078	4.65615	15.0372
274.227	4.66117	15.1245
273.381	4.66619	15.2117
272.541	4.67121	15.2989
271.706	4.67623	15.3862
270.876	4.68125	15.4734
270.051	4.68627	15.5606
269.231	4.68871	15.6517
268.416	4.6865	15.7498
267.606	4.6843	15.8479
266.8	4.68209	15.946
266	4.67988	16.0441
265.204	4.67767	16.1422
264.414	4.67546	16.2403
263.627	4.6683	16.3411
262.846	4.64177	16.4527
262.069	4.61524	16.5642
261.297	4.58872	16.6758
260.529	4.56219	16.7874
259.766	4.53566	16.8989
259.007	4.50913	17.0105
258.252	4.48172	17.1232
257.502	4.43845	17.2556
256.757	4.39518	17.388
256.015	4.35191	17.5204
255.278	4.30864	17.6528
254.545	4.26537	17.7852
253.817	4.2221	17.9175
253.092	4.17883	18.0499
252.372	4.08176	18.2289
251.656	3.97869	18.413
250.943	3.87563	18.5972
250.235	3.77257	18.7813
249.531	3.66951	18.9655
248.831	3.56645	19.1496
248.134	3.46339	19.3337
247.442	3.29976	19.5096
246.753	3.1158	19.6827
246.068	2.93185	19.8558
245.387	2.74789	20.0289
244.71	2.56394	20.202
244.037	2.37998	20.3751
243.367	2.19603	20.5482
242.701	1.94476	20.6821
242.038	1.64807	20.7895
241.379	1.35137	20.8968
240.724	1.05467	21.0042
240.072	0.757978	21.1115
239.424	0.461282	21.2189
238.779	0.164585	21.3262
238.138	-0.130317	21.3826
237.5	-0.422983	21.3755
236.866	-0.715649	21.3683
236.234	-1.00832	21.3611
235.607	-1.30098	21.354
234.982	-1.59365	21.3468
234.361	-1.88631	21.3397
233.743	-2.18327	21.317
233.129	-2.49049	21.2572
232.517	-2.79772	21.1975
231.909	-3.10494	21.1377
231.304	-3.41217	21.078
230.703	-3.71939	21.0182
230.104	-4.02662	20.9584
229.508	-4.3313	20.8836
228.916	-4.6207	20.7183
228.326	-4.9101	20.553
227.74	-5.1995	20.3877
227.156	-5.4889	20.2224
226.576	-5.7783	20.0571
225.998	-6.06771	19.8918
225.424	-6.35711	19.7265
224.852	-6.55729	19.4835
224.283	-6.75658	19.2398
223.717	-6.95586	18.9961
223.154	-7.15514	18.7524
222.594	-7.35443	18.5087
222.037	-7.55371	18.265
221.482	-7.75299	18.0213
220.93	-7.88408	17.7669
220.381	-8.00207	17.5104
219.835	-8.12006	17.254
219.291	-8.23805	16.9975
218.75	-8.35603	16.7411
218.212	-8.47402	16.4846
217.676	-8.59201	16.2282
217.143	-8.66765	15.9838
216.612	-8.72403	15.745
216.084	-8.78042	15.5062
215.559	-8.8368	15.2673
215.036	-8.89318	15.0285
214.516	-8.94956	14.7897
213.998	-9.00594	14.5508
213.483	-9.0328	14.3233
212.97	-9.03412	14.1056
212.46	-9.03543	13.888
211.952	-9.03675	13.6703
211.447	-9.03806	13.4526
210.944	-9.03938	13.2349
210.443	-9.04069	13.0172
209.945	-9.02887	12.8158
209.449	-8.996	12.6403
208.955	-8.96313	12.4648
208.464	-8.93027	12.2893
207.975	-8.8974	12.1139
207.488	-8.86453	11.9384
207.004	-8.83167	11.7629
206.522	-8.79948	11.5923
206.042	-8.76957	11.4377
205.564	-8.73966	11.2832
205.089	-8.70975	11.1286
204.615	-8.67983	10.974
204.144	-8.64992	10.8195
203.675	-8.62001	10.6649
203.209	-8.58962	10.5116
202.744	-8.55386	10.3721
202.281	-8.51809	10.2327
201.821	-8.48232	10.0933
201.363	-8.44655	9.95382
200.906	-8.41078	9.81438
200.452	-8.37501	9.67494
200	-8.33924	9.53549
