17.95196
17.75683
17.56589
17.37902
17.19609
17.01696
16.84153
16.66968
16.50129
16.33628
16.17454
16.01596
15.86047
15.70796
15.55836
15.41159
15.26755
15.12619
14.98741
14.85117
14.71737
14.58597
14.45689
14.33007
14.20546
14.08300
13.96263
13.84431
13.72797
13.61357
13.50106
13.39039
13.28153
13.17442
13.06903
12.96530
12.86321
12.76272
12.66378
12.56637
12.47044
12.37597
12.28292
12.19126
12.10095
12.01197
11.92429
11.83789
11.75272
11.66877
11.58602
11.50442
11.42397
11.34464
11.26640
11.18923
11.11312
11.03803
10.96395
10.89085
10.81873
10.74755
10.67731
10.60798
10.53954
10.47198
10.40528
10.33942
10.27439
10.21018
10.14676
10.08412
10.02226
9.96115
9.90078
9.84113
9.78220
9.72398
9.66644
9.60958
9.55338
9.49784
9.44294
9.38867
9.33502
9.28198
9.22954
9.17769
9.12641
9.07571
9.02557
8.97598
8.92693
8.87841
8.83042
8.78295
8.73598
8.68951
8.64354
8.59804
8.55303
8.50848
8.46439
8.42076
8.37758
8.33484
8.29253
8.25065
8.20919
8.16814
8.12750
8.08727
8.04743
8.00798
7.96892
7.93023
7.89192
7.85398
7.81640
7.77918
7.74231
7.70579
7.66962
7.63378
7.59827
7.56309
7.52824
7.49371
7.45949
7.42558
7.39198
7.35869
7.32569
7.29298
7.26057
7.22844
7.19660
7.16504
7.13375
7.10273
7.07198
7.04150
7.01128
6.98132
6.95161
6.92215
6.89295
6.86398
6.83526
6.80678
6.77854
6.75053
6.72275
6.69520
6.66787
6.64076
6.61388
6.58721
6.56076
6.53451
6.50848
6.48265
6.45703
6.43161
6.40639
6.38136
6.35653
6.33189
6.30744
6.28319
6.25911
6.23522
6.21151
6.18799
6.16463
6.14146
6.11846
6.09563
6.07297
6.05047
6.02815
6.00599
5.98399
5.96215
5.94047
5.91894
5.89757
5.87636
5.85530
5.83439
5.81362
5.79301
5.77254
5.75221
5.73203
5.71199
5.69208
5.67232
5.65269
5.63320
5.61384
5.59462
5.57552
5.55656
5.53772
5.51901
5.50043
5.48197
5.46364
5.44543
5.42734
5.40936
5.39151
5.37378
5.35616
5.33865
5.32126
5.30399
5.28682
5.26977
5.25282
5.23599
5.21926
5.20264
5.18612
5.16971
5.15340
5.13720
5.12109
5.10509
5.08918
5.07338
5.05767
5.04206
5.02655
5.01113
4.99580
4.98057
4.96544
4.95039
4.93543
4.92057
4.90579
4.89110
4.87650
4.86199
4.84756
4.83322
4.81896
4.80479
4.79070
4.77669
4.76276
4.74892
4.73515
4.72147
4.70786
4.69433
4.68088
4.66751
4.65421
4.64099
4.62784
4.61477
4.60177
4.58884
4.57599
4.56321
4.55050
4.53786
4.52529
4.51279
4.50035
4.48799
4.47569
4.46346
4.45130
4.43921
4.42718
4.41521
4.40331
4.39147
4.37970
4.36799
4.35634
4.34476
4.33323
4.32177
4.31036
4.29902
4.28774
4.27651
4.26535
4.25424
4.24319
4.23220
4.22126
4.21038
4.19956
4.18879
